58750,-0.15415
58750,-0.35765
58750,-0.47217
58750,-0.43393
58750,-0.41863
58750,-0.36234
58750,-0.27709
58750,0.0091543
58750,0.32052
58750,0.5006
58750,0.3848
58750,0.10953
58750,0.03623
58750,-0.05329
58750,-0.078719
58750,-0.19312
58750,-0.32264
58750,-0.48052
58750,-0.49095
58750,-0.41735
58750,-0.30484
58750,-0.2988
58750,-0.2116
58750,-0.0022491
58750,0.19533
58750,0.27656
58750,0.23283
58750,0.13173
58750,0.17819
58750,0.37425
58750,0.58201
58750,0.45566
58750,0.30314
58750,0.28887
58750,0.46602
58750,0.51487
58750,0.32918
58750,-0.029934
58750,-0.28038
58750,-0.34508
58750,-0.15745
58750,-0.030178
58750,-0.087317
58750,-0.10189
58750,0.065927
58750,0.15545
58750,0.095564
58750,-0.032252
58750,-0.040911
58750,0.12813
58750,0.3762
58750,0.39315
58750,0.20777
58750,0.020375
58750,-0.048473
58750,-0.037313
58750,-0.061035
58750,-0.17562
58750,-0.36649
58750,-0.34685
58750,-0.1958
58750,-0.076219
58750,-0.11537
58750,-0.2952
58750,-0.30892
58750,-0.085366
58750,0.12112
58750,0.14106
58750,0.082819
58750,0.051963
58750,0.025802
58750,-0.069267
58750,-0.062864
58750,0.032876
58750,0.15813
58750,0.29778
58750,0.23497
58750,0.009886
58750,-0.11336
58750,0.026107
58750,0.17051
58750,0.2132
58750,0.10105
58750,-0.10049
58750,-0.16458
58750,0.11178
58750,0.39083
58750,0.33772
58750,0.017082
58750,-0.13818
58750,-0.067864
58750,0.078002
58750,0.09593
58750,0.0024464
58750,-0.039752
58750,0.018301
58750,0.075318
58750,0.073855
58750,-0.0047494
58750,-0.14446
58750,-0.1783
58750,-0.084207
58750,-0.027129
58750,-0.02347
58750,0.040011
58750,0.0081176
58750,-0.16037
58750,-0.2938
58750,-0.30856
58750,-0.2191
58750,-0.11049
58750,-0.14635
58750,-0.31136
58750,-0.32173
58750,-0.14988
58750,-0.057681
58750,-0.040057
58750,-0.034752
58750,0.016777
58750,0.07544
58750,0.028241
58750,0.021594
58750,0.18045
58750,0.39248
58750,0.36583
58750,0.16911
58750,0.033973
58750,0.037083
58750,0.14234
58750,0.26088
58750,0.2668
58750,0.089161
58750,-0.0278
58750,0.072818
58750,0.26851
58750,0.28436
58750,0.16764
58750,0.079099
58750,0.14514
58750,0.28326
58750,0.28406
58750,0.089954
58750,-0.0044445
58750,0.089039
58750,0.17149
58750,0.11837
58750,-0.026702
58750,-0.12897
58750,-0.14421
58750,0.0043368
58750,0.12301
58750,0.082819
58750,-0.078048
58750,-0.19629
58750,-0.1275
58750,0.060378
58750,0.15026
58750,-0.078902
58750,-0.35569
58750,-0.3663
58750,-0.19849
58750,0.015191
58750,0.028424
58750,-0.23538
58750,-0.3824
58750,-0.3091
58750,-0.2216
58750,-0.099026
58750,0.11825
58750,0.18234
58750,0.11142
58750,0.070806
58750,0.094161
58750,0.14593
58750,0.26515
58750,0.3007
58750,0.24167
58750,0.12087
58750,0.11563
58750,0.13118
58750,0.16081
58750,0.1474
58750,0.06483
58750,-0.014201
58750,0.056902
58750,0.12727
58750,0.023851
58750,-0.065913
58750,-0.09183
58750,-0.1297
58750,-0.1147
58750,-0.0016393
58750,0.098308
58750,0.075989
58750,-0.0022491
58750,-0.076219
58750,-0.091464
58750,-0.040789
58750,-0.055241
58750,-0.21599
58750,-0.34124
58750,-0.38679
58750,-0.26587
58750,-0.067682
58750,0.02318
58750,0.023546
58750,0.023851
58750,0.059829
58750,0.068306
58750,0.090198
58750,0.08288
58750,0.015923
58750,-0.029081
58750,-0.084939
58750,-0.040606
58750,0.1238
58750,0.28265
58750,0.20856
58750,-0.032008
58750,-0.18165
58750,-0.19037
58750,-0.13775
58750,-0.097501
58750,-0.05518
58750,-0.0013954
58750,0.0019585
58750,0.029766
58750,0.13337
58750,0.22875
58750,0.23771
58750,0.19082
58750,0.16447
58750,0.11666
58750,0.14947
58750,0.14008
58750,0.064342
58750,-0.031642
58750,-0.14842
58750,-0.10397
58750,0.095015
58750,0.23612
58750,0.23356
58750,0.21228
58750,0.46072
58750,0.73452
58750,0.70848
58750,0.22423
58750,-0.38375
58750,-0.48619
58750,-0.2477
58750,0.29576
58750,0.75184
58750,0.891
58750,0.47389
58750,-0.00084659
58750,-0.059327
58750,0.017631
58750,-0.29874
58750,-0.9194
58750,-1.063
58750,-0.52309
58750,-0.096891
58750,-0.2258
58750,-0.71219
58750,-0.76
58750,-0.32752
58750,0.20655
58750,0.37784
58750,0.18502
58750,-0.23081
58750,-0.46418
58750,-0.19019
58750,0.56487
58750,1.1252
58750,0.94655
58750,0.33808
58750,0.052817
58750,0.28473
58750,0.54682
58750,0.57951
58750,0.44931
58750,0.1224
58750,-0.51973
58750,-1.1122
58750,-1.0129
58750,-0.54138
58750,-0.27642
58750,-0.25258
58750,-0.35917
58750,-0.6284
58750,-1.0101
58750,-1.3502
58750,-1.1865
58750,-0.48107
58750,0.26137
58750,0.69537
58750,0.85679
58750,0.7447
58750,0.3515
58750,0.21332
58750,0.62256
58750,1.1478
58750,1.1255
58750,0.70299
58750,0.19484
58750,-0.034447
58750,-0.065852
58750,-0.057864
58750,-0.018592
58750,-0.045728
58750,-0.42735
58750,-1.0751
58750,-1.3849
58750,-1.029
58750,-0.49034
58750,-0.28349
58750,-0.26294
58750,-0.34411
58750,-0.29971
58750,-0.15586
58750,0.15283
58750,0.46944
58750,0.68409
58750,0.8291
58750,0.92076
58750,0.95186
58750,0.8616
58750,0.83837
58750,1.0329
58750,1.2677
58750,1.2657
58750,0.89039
58750,0.59024
58750,0.47182
58750,0.49761
58750,0.26716
58750,-0.14525
58750,-0.46906
58750,-0.6281
58750,-0.63596
58750,-0.60547
58750,-0.5562
58750,-0.47772
58750,-0.43899
58750,-0.51626
58750,-0.67749
58750,-0.81549
58750,-0.80421
58750,-0.52546
58750,0.061537
58750,0.66616
58750,0.77727
58750,0.40547
58750,0.036352
58750,0.11727
58750,0.45285
58750,0.61847
58750,0.35961
58750,-0.03341
58750,-0.18202
58750,-0.24203
58750,-0.35819
58750,-0.51729
58750,-0.65505
58750,-0.78671
58750,-0.79549
58750,-0.81482
58750,-0.79372
58750,-0.64163
58750,-0.4954
58750,-0.44881
58750,-0.26117
58750,0.067269
58750,0.32077
58750,0.40827
58750,0.487
58750,0.49694
58750,0.55957
58750,0.7058
58750,0.89624
58750,0.8788
58750,0.56567
58750,0.23558
58750,0.13691
58750,0.19417
58750,0.24735
58750,0.31656
58750,0.23344
58750,0.16283
58750,-0.0081643
58750,-0.24623
58750,-0.31167
58750,0.10867
58750,0.5889
58750,0.60634
58750,0.31912
58750,-0.017372
58750,0.086051
58750,0.46541
58750,0.89399
58750,0.83343
58750,0.24186
58750,-0.22257
58750,-0.19245
58750,0.51322
58750,0.88618
58750,0.34065
58750,-0.56278
58750,-0.7489
58750,-0.29331
58750,0.057268
58750,-0.1325
58750,-0.52979
58750,-0.85488
58750,-0.87074
58750,-0.79287
58750,-0.8322
58750,-0.85244
58750,-0.7392
58750,-0.78677
58750,-0.89476
58750,-0.81549
58750,-0.52357
58750,-0.24081
58750,-0.13952
58750,-0.2577
58750,-0.25739
58750,0.04928
58750,0.54018
58750,0.83947
58750,0.58213
58750,0.013789
58750,-0.17793
58750,0.047816
58750,0.31949
58750,0.35089
58750,0.18155
58750,0.0033611
58750,-0.10579
58750,-0.16293
58750,-0.090549
58750,-0.026763
58750,-0.016275
58750,-0.0063958
58750,-0.11336
58750,-0.42448
58750,-0.5229
58750,-0.24276
58750,0.20618
58750,0.4856
58750,0.40541
58750,0.12105
58750,0.048975
58750,0.11904
58750,0.26771
58750,0.5281
58750,0.71921
58750,0.65055
58750,0.50035
58750,0.30229
58750,0.19393
58750,0.21618
58750,0.27454
58750,0.32851
58750,0.31997
58750,0.18899
58750,-0.071401
58750,-0.31703
58750,-0.31624
58750,0.026473
58750,0.29906
58750,0.14307
58750,-0.26904
58750,-0.48308
58750,-0.2802
58750,0.18521
58750,0.41535
58750,0.33058
58750,0.13648
58750,0.0076297
58750,0.18447
58750,0.4698
58750,0.41035
58750,0.078916
58750,-0.10762
58750,0.041901
58750,0.23881
58750,0.26741
58750,-0.078414
58750,-0.30166
58750,-0.20489
58750,0.009886
58750,0.011533
58750,-0.2952
58750,-0.57602
58750,-0.59846
58750,-0.48113
58750,-0.34222
58750,-0.24879
58750,-0.19714
58750,-0.074267
58750,0.10075
58750,0.12904
58750,-0.076097
58750,-0.088598
58750,0.097759
58750,0.12319
58750,-0.065974
58750,-0.29849
58750,-0.30032
58750,-0.064633
58750,0.27619
58750,0.43779
58750,0.25741
58750,-0.016641
58750,-0.11561
58750,-0.056766
58750,-0.052009
58750,-0.18745
58750,-0.40795
58750,-0.43058
58750,-0.22355
58750,0.012569
58750,0.064403
58750,0.054768
58750,0.20588
58750,0.61945
58750,0.81422
58750,0.42327
58750,-0.066828
58750,-0.093903
58750,0.27345
58750,0.59988
58750,0.56713
58750,0.21753
58750,-0.0029199
58750,0.20045
58750,0.49279
58750,0.42474
58750,0.108
58750,-0.12994
58750,-0.23062
58750,-0.35478
58750,-0.52662
58750,-0.53827
58750,-0.33112
58750,-0.065242
58750,-0.032801
58750,-0.258
58750,-0.38692
58750,-0.12256
58750,0.24021
58750,0.31747
58750,0.16319
58750,-0.15854
58750,-0.30099
58750,-0.043838
58750,0.098186
58750,-0.11561
58750,-0.5265
58750,-0.62877
58750,-0.33051
58750,0.085807
58750,0.27162
58750,0.19228
58750,0.088673
58750,0.046109
58750,-0.011396
58750,-0.077621
58750,0.017509
58750,0.10483
58750,0.15215
58750,0.16124
58750,0.19045
58750,0.19387
58750,0.21795
58750,0.19862
58750,0.089954
58750,-0.024812
58750,-0.0079204
58750,0.033059
58750,0.060439
58750,-0.048229
58750,-0.27166
58750,-0.24934
58750,0.27168
58750,0.79373
58750,0.8466
58750,0.39833
58750,-0.021092
58750,0.028302
58750,0.32016
58750,0.15715
58750,-0.16958
58750,-0.34533
58750,-0.37673
58750,-0.32167
58750,-0.26788
58750,-0.23056
58750,-0.1669
58750,-0.05579
58750,-0.15001
58750,-0.35941
58750,-0.51284
58750,-0.32575
58750,0.10782
58750,0.28515
58750,-0.064023
58750,-0.49479
58750,-0.2727
58750,0.35052
58750,0.73269
58750,0.3862
58750,-0.21044
58750,-0.37917
58750,-0.017982
58750,0.36199
58750,0.3354
58750,-0.038289
58750,-0.38149
58750,-0.25465
58750,0.17149
58750,0.38303
58750,0.22722
58750,0.22362
58750,0.43584
58750,0.63512
58750,0.41919
58750,-0.10134
58750,-0.44863
58750,-0.23178
58750,0.26747
58750,0.24485
58750,-0.16635
58750,-0.40265
58750,-0.15934
58750,0.1763
58750,0.22344
58750,-0.089879
58750,-0.2788
58750,-0.061949
58750,0.31503
58750,0.36162
58750,-0.016763
58750,-0.48692
58750,-0.43924
58750,0.19521
58750,0.64159
58750,0.39327
58750,-0.12549
58750,-0.34624
58750,-0.19318
58750,0.082819
58750,0.13423
58750,-0.066096
58750,-0.27794
58750,-0.24355
58750,-0.19879
58750,-0.16708
58750,-0.071645
58750,-0.086464
58750,-0.15464
58750,-0.073719
58750,0.13166
58750,0.23009
58750,0.20606
58750,0.19618
58750,0.18179
58750,0.21246
58750,0.15258
58750,0.10026
58750,0.1599
58750,0.24753
58750,0.06855
58750,-0.20678
58750,-0.16739
58750,0.081904
58750,0.17984
58750,0.038547
58750,-0.12116
58750,-0.18208
58750,-0.11079
58750,-0.11616
58750,-0.15062
58750,-0.071035
58750,-0.019568
58750,-0.042253
58750,-0.062986
58750,0.069952
58750,0.16228
58750,0.082514
58750,0.027205
58750,-0.015482
58750,0.025802
58750,0.12526
58750,0.24058
58750,0.18405
58750,0.09221
58750,0.022692
58750,-0.027434
58750,-0.06573
58750,-0.086098
58750,-0.1408
58750,-0.20288
58750,-0.19556
58750,-0.2233
58750,-0.23806
58750,-0.14562
58750,-0.036642
58750,0.006654
58750,0.14636
58750,0.22539
58750,0.13837
58750,-0.10128
58750,-0.22184
58750,-0.13598
58750,0.10831
58750,0.27802
58750,0.16935
58750,-0.11159
58750,-0.2066
58750,0.034766
58750,0.2324
58750,0.16484
58750,-0.11208
58750,-0.23471
58750,-0.1433
58750,0.03001
58750,0.10063
58750,0.073184
58750,0.034461
58750,0.018911
58750,0.08721
58750,0.25966
58750,0.35339
58750,0.13166
58750,-0.19025
58750,-0.31032
58750,-0.094696
58750,0.23673
58750,0.30857
58750,0.11715
58750,-0.028776
58750,0.068123
58750,0.20387
58750,0.24009
58750,0.14307
58750,0.0048246
58750,-0.078353
58750,-0.078231
58750,0.025009
58750,0.040437
58750,-0.016092
58750,0.04617
58750,0.24094
58750,0.34796
58750,0.29479
58750,0.14972
58750,0.082331
58750,0.064952
58750,0.094466
58750,-0.021153
58750,-0.11348
58750,-0.030666
58750,-0.015604
58750,-0.065059
58750,-0.053351
58750,0.073733
58750,0.040376
58750,-0.085122
58750,-0.25209
58750,-0.35941
58750,-0.31124
58750,-0.2616
58750,-0.23788
58750,-0.17171
58750,-0.14891
58750,-0.16885
58750,-0.17397
58750,-0.14037
58750,-0.077926
58750,-0.054266
58750,-0.016458
58750,0.052146
58750,-0.021885
58750,-0.18769
58750,-0.24636
58750,-0.092928
58750,0.18203
58750,0.34126
58750,0.12715
58750,-0.14098
58750,0.010862
58750,0.38071
58750,0.54036
58750,0.27332
58750,-0.15092
58750,-0.24654
58750,0.0088494
58750,0.22783
58750,0.087698
58750,-0.20861
58750,-0.30642
58750,-0.062498
58750,0.18289
58750,0.1563
58750,-0.097196
58750,-0.2741
58750,-0.18294
58750,0.10831
58750,0.27503
58750,0.096723
58750,-0.203
58750,-0.29319
58750,-0.090183
58750,0.2296
58750,0.21118
58750,-0.12708
58750,-0.39862
58750,-0.23965
58750,0.048304
58750,0.16947
58750,0.033242
58750,-0.11421
58750,-0.10921
58750,0.12051
58750,0.30802
58750,0.28839
58750,0.3129
58750,0.40144
58750,0.37687
58750,0.35113
58750,0.27637
58750,0.1996
58750,0.16179
58750,0.19271
58750,0.18697
58750,0.10831
58750,0.019399
58750,-0.056217
58750,-0.030544
58750,0.06922
58750,0.12258
58750,0.082087
58750,-0.056278
58750,-0.15976
58750,-0.23843
58750,-0.14751
58750,-0.042435
58750,-0.017616
58750,-0.10073
58750,-0.19879
58750,-0.16488
58750,-0.026276
58750,0.1627
58750,0.26503
58750,0.12453
58750,-0.050058
58750,-0.12421
58750,-0.12622
58750,-0.066462
58750,-0.02408
58750,-0.064267
58750,-0.026885
58750,0.15368
58750,0.19063
58750,0.11044
58750,0.029705
58750,0.069281
58750,0.074831
58750,-0.009079
58750,-0.1908
58750,-0.20196
58750,-0.058839
58750,0.025192
58750,-0.15781
58750,-0.32325
58750,-0.27935
58750,-0.1586
58750,-0.10244
58750,-0.14025
58750,-0.27904
58750,-0.39698
58750,-0.39686
58750,-0.27306
58750,-0.036337
58750,0.13862
58750,0.13978
58750,0.049219
58750,0.047023
58750,0.036108
58750,0.021046
58750,0.15386
58750,0.26552
58750,0.17466
58750,-0.00084659
58750,-0.044753
58750,0.1713
58750,0.41693
58750,0.50889
58750,0.3576
58750,0.24692
58750,0.38852
58750,0.56878
58750,0.51956
58750,0.24698
58750,0.014825
58750,-0.012372
58750,0.1702
58750,0.2929
58750,0.12105
58750,-0.13927
58750,-0.21446
58750,-0.10134
58750,-0.041155
58750,-0.16897
58750,-0.36179
58750,-0.41759
58750,-0.25922
58750,-0.17428
58750,-0.24446
58750,-0.29563
58750,-0.27014
58750,-0.12287
58750,0.10245
58750,0.14374
58750,0.075196
58750,0.059219
58750,0.079343
58750,0.12349
58750,0.16362
58750,0.1788
58750,0.14813
58750,0.11593
58750,0.084344
58750,0.10502
58750,0.15795
58750,0.35827
58750,0.51426
58750,0.47682
58750,0.32571
58750,0.24356
58750,0.23173
58750,0.22393
58750,0.29619
58750,0.1796
58750,-0.033166
58750,-0.073841
58750,0.04184
58750,0.042816
58750,0.051109
58750,-0.0099937
58750,-0.14677
58750,-0.19916
58750,-0.18141
58750,-0.20355
58750,-0.28105
58750,-0.29227
58750,-0.23245
58750,-0.1783
58750,-0.087805
58750,-0.082866
58750,-0.083049
58750,-0.047924
58750,-0.04274
58750,-0.091098
58750,-0.14372
58750,-0.092379
58750,0.01013
58750,0.12301
58750,0.20515
58750,0.36998
58750,0.4931
58750,0.44998
58750,0.43571
58750,0.4631
58750,0.47188
58750,0.30674
58750,-0.019507
58750,-0.19086
58750,-0.11512
58750,0.062025
58750,0.014643
58750,-0.22818
58750,-0.34301
58750,-0.33899
58750,-0.2241
58750,-0.26148
58750,-0.31313
58750,-0.23556
58750,-0.18336
58750,-0.25129
58750,-0.26502
58750,-0.11537
58750,-0.035606
58750,-0.02158
58750,0.04745
58750,0.055561
58750,0.11105
58750,0.23948
58750,0.16429
58750,-0.01286
58750,-0.076219
58750,-0.11317
58750,-0.15934
58750,-0.00035874
58750,0.17947
58750,0.26729
58750,0.23051
58750,0.15447
58750,0.24789
58750,0.48365
58750,0.5431
58750,0.41949
58750,0.25716
58750,0.15807
58750,0.16289
58750,0.26942
58750,0.31888
58750,0.13459
58750,-0.14061
58750,-0.1622
58750,0.07105
58750,0.15167
58750,-0.043472
58750,-0.28843
58750,-0.37752
58750,-0.40082
58750,-0.26331
58750,-0.1036
58750,-0.12519
58750,-0.23202
58750,-0.19641
58750,-0.047314
58750,0.050255
58750,0.071477
58750,0.018972
58750,0.032205
58750,0.080014
58750,0.033791
58750,-0.078597
58750,-0.1361
58750,0.0060442
58750,0.2171
58750,0.31077
58750,0.22216
58750,0.19082
58750,0.38193
58750,0.56627
58750,0.4595
58750,0.24789
58750,0.20777
58750,0.34229
58750,0.44425
58750,0.339
58750,0.044279
58750,-0.18415
58750,-0.18714
58750,-0.074024
58750,-0.0092619
58750,-0.14019
58750,-0.39259
58750,-0.4046
58750,-0.10933
58750,0.0092152
58750,-0.22824
58750,-0.36954
58750,-0.39106
58750,-0.44314
58750,-0.31313
58750,-0.20202
58750,-0.25239
58750,-0.21477
58750,-0.086464
58750,-0.037618
58750,-0.1375
58750,-0.38789
58750,-0.52492
58750,-0.26514
58750,0.081234
58750,0.14099
58750,-0.02591
58750,-0.056766
58750,0.12044
58750,0.38705
58750,0.54103
58750,0.31388
58750,0.01885
58750,0.0052515
58750,0.19618
58750,0.29979
58750,0.33656
58750,0.23149
58750,0.068854
58750,0.071904
58750,0.15996
58750,0.12496
58750,0.064647
58750,-0.0077374
58750,-0.13787
58750,-0.21519
58750,-0.22934
58750,-0.18007
58750,0.031168
58750,0.19557
58750,0.1474
58750,-0.033105
58750,-0.19141
58750,-0.19275
58750,-0.11884
58750,-0.070914
58750,-0.2169
58750,-0.36441
58750,-0.41088
58750,-0.27252
58750,-0.033715
58750,0.15679
58750,0.1535
58750,0.047145
58750,0.067208
58750,0.27021
58750,0.43785
58750,0.41364
58750,0.31949
58750,0.21557
58750,0.11721
58750,0.084588
58750,0.15106
58750,0.13557
58750,0.070867
58750,0.070684
58750,0.14898
58750,0.1324
58750,0.09471
58750,-0.073414
58750,-0.19513
58750,-0.17623
58750,-0.059693
58750,0.036901
58750,0.15618
58750,0.17941
58750,-0.009079
58750,-0.10311
58750,0.055744
58750,0.19679
58750,0.1985
58750,0.026351
58750,-0.22898
58750,-0.3996
58750,-0.40491
58750,-0.30843
58750,-0.0010905
58750,0.27131
58750,0.37205
58750,0.21448
58750,0.11081
58750,0.04373
58750,0.16051
58750,0.44944
58750,0.58573
58750,0.42474
58750,0.072086
58750,-0.089147
58750,-0.10762
58750,0.032144
58750,0.22588
58750,0.28552
58750,0.23356
58750,0.25875
58750,0.22265
58750,0.084466
58750,0.0294
58750,0.16685
58750,0.29058
58750,0.34022
58750,0.15429
58750,-0.083049
58750,-0.13879
58750,-0.026337
58750,0.06483
58750,0.085258
58750,-0.017189
58750,-0.28471
58750,-0.52681
58750,-0.64791
58750,-0.66041
58750,-0.57651
58750,-0.23867
58750,0.15941
58750,0.34296
58750,0.24216
58750,0.14191
58750,0.26058
58750,0.64659
58750,0.98454
58750,0.8191
58750,0.24064
58750,-0.25264
58750,-0.42094
58750,-0.39332
58750,-0.32758
58750,-0.4854
58750,-0.86019
58750,-1.0427
58750,-0.76805
58750,-0.3363
58750,-0.19294
58750,-0.41527
58750,-0.70926
58750,-0.64157
58750,-0.20074
58750,0.26936
58750,0.42901
58750,0.08788
58750,-0.30106
58750,-0.19727
58750,0.3812
58750,0.79575
58750,0.71153
58750,0.21277
58750,-0.29051
58750,-0.52382
58750,-0.41893
58750,-0.063108
58750,0.15831
58750,0.19551
58750,0.15618
58750,0.16514
58750,0.17149
58750,0.22295
58750,0.37809
58750,0.55255
58750,0.6836
58750,0.58804
58750,0.28351
58750,-0.005908
58750,-0.020543
58750,0.16764
58750,0.39571
58750,0.52426
58750,0.46297
58750,0.3104
58750,-0.0097498
58750,-0.33527
58750,-0.48839
58750,-0.38807
58750,-0.11134
58750,0.075928
58750,-0.017433
58750,-0.32746
58750,-0.51309
58750,-0.37551
58750,-0.037679
58750,0.21948
58750,0.24503
58750,-0.038655
58750,-0.35765
58750,-0.58449
58750,-0.47808
58750,-0.22562
58750,0.019887
58750,0.03373
58750,-0.018104
58750,-0.078353
58750,-0.0097498
58750,0.16941
58750,0.32814
58750,0.49163
58750,0.66982
58750,0.67732
58750,0.51877
58750,0.27967
58750,0.13032
58750,0.25119
58750,0.61134
58750,0.84752
58750,0.73013
58750,0.23881
58750,-0.42222
58750,-0.84592
58750,-0.74554
58750,-0.2977
58750,-0.020909
58750,-0.08311
58750,-0.30575
58750,-0.50394
58750,-0.57492
58750,-0.43674
58750,-0.00011482
58750,0.40211
58750,0.49285
58750,0.24765
58750,-0.1422
58750,-0.30465
58750,-0.18495
58750,0.1249
58750,0.30692
58750,0.236
58750,-0.14165
58750,-0.42052
58750,-0.34844
58750,-0.070792
58750,0.040437
58750,-0.026702
58750,-0.056095
58750,-0.045606
58750,-0.039691
58750,-0.080061
58750,-0.080792
58750,0.059037
58750,0.31967
58750,0.32924
58750,0.17447
58750,-0.093964
58750,-0.36466
58750,-0.41491
58750,-0.092806
58750,0.13374
58750,0.0044587
58750,-0.25739
58750,-0.39869
58750,-0.30764
58750,-0.01725
58750,0.22692
58750,0.18569
58750,-0.021946
58750,-0.23776
58750,-0.31569
58750,-0.13074
58750,0.15502
58750,0.26869
58750,0.19301
58750,0.032327
58750,-0.10165
58750,0.040133
58750,0.55079
58750,0.94649
58750,0.8652
58750,0.52664
58750,0.19179
58750,0.071538
58750,0.30131
58750,0.5281
58750,0.43669
58750,0.085746
58750,-0.23538
58750,-0.36734
58750,-0.19714
58750,0.12179
58750,0.31918
58750,0.19252
58750,-0.081463
58750,-0.35478
58750,-0.49961
58750,-0.46692
58750,-0.14812
58750,0.21771
58750,0.31198
58750,0.071843
58750,-0.22135
58750,-0.3649
58750,-0.2738
58750,-0.16964
58750,-0.084085
58750,-0.096221
58750,-0.11116
58750,-0.24178
58750,-0.41106
58750,-0.34649
58750,-0.11622
58750,0.26869
58750,0.42962
58750,0.37297
58750,0.24558
58750,0.18399
58750,0.22161
58750,0.31113
58750,0.45541
58750,0.49926
58750,0.35833
58750,0.18825
58750,0.16295
58750,0.14721
58750,0.14776
58750,0.095747
58750,-0.0063349
58750,-0.22605
58750,-0.3563
58750,-0.35569
58750,-0.28752
58750,-0.14562
58750,-0.12299
58750,-0.26252
58750,-0.35905
58750,-0.12134
58750,0.17734
58750,0.035132
58750,-0.48162
58750,-0.79805
58750,-0.47198
58750,0.21936
58750,0.5542
58750,0.33071
58750,-0.16958
58750,-0.41808
58750,-0.17976
58750,0.37876
58750,0.73111
58750,0.61097
58750,0.17478
58750,0.00019008
58750,0.23759
58750,0.55091
58750,0.56188
58750,0.29637
58750,0.081356
58750,-0.0068227
58750,-0.096586
58750,-0.26581
58750,-0.2866
58750,-0.13897
58750,0.071782
58750,0.069342
58750,-0.10738
58750,-0.3538
58750,-0.38143
58750,-0.18775
58750,0.024887
58750,0.12209
58750,0.041169
58750,-0.23989
58750,-0.38216
58750,-0.18434
58750,0.11063
58750,0.099345
58750,-0.21367
58750,-0.58407
58750,-0.70237
58750,-0.52339
58750,-0.17897
58750,0.17862
58750,0.20954
58750,-0.010604
58750,-0.1583
58750,0.034095
58750,0.45718
58750,0.70141
58750,0.65189
58750,0.38364
58750,0.23161
58750,0.33729
58750,0.43315
58750,0.30717
58750,0.0026903
58750,-0.203
58750,-0.027678
58750,0.24613
58750,0.3468
58750,0.12685
58750,-0.20001
58750,-0.34466
58750,-0.17617
58750,0.13959
58750,0.23808
58750,0.10807
58750,-0.11464
58750,-0.10384
58750,-0.1236
58750,-0.19196
58750,-0.30246
58750,-0.25794
58750,-0.27807
58750,-0.50241
58750,-0.74219
58750,-0.71243
58750,-0.53321
58750,-0.3135
58750,-0.19684
58750,-0.13787
58750,-0.10195
58750,-0.0061519
58750,0.23771
58750,0.48468
58750,0.64884
58750,0.64988
58750,0.4906
58750,0.30808
58750,0.20094
58750,0.076355
58750,-0.04457
58750,-0.064693
58750,0.015008
58750,0.027205
58750,-0.017738
58750,0.049889
58750,0.042023
58750,0.02007
58750,0.10654
58750,0.17722
58750,0.13965
58750,0.077026
58750,0.087271
58750,0.16929
58750,0.16051
58750,0.0269
58750,-0.20452
58750,-0.3707
58750,-0.39777
58750,-0.41442
58750,-0.50296
58750,-0.72737
58750,-0.89641
58750,-0.76384
58750,-0.36271
58750,-0.07006
58750,-0.14287
58750,-0.24227
58750,-0.11561
58750,0.24991
58750,0.58103
58750,0.59927
58750,0.40407
58750,0.24521
58750,0.28619
58750,0.43565
58750,0.33845
58750,0.016655
58750,-0.17312
58750,-0.014689
58750,0.24302
58750,0.32485
58750,0.2654
58750,0.16252
58750,0.099528
58750,0.1874
58750,0.26863
58750,0.31272
58750,0.25661
58750,0.39797
58750,0.41022
58750,0.37229
58750,0.29546
58750,0.37522
58750,0.45559
58750,0.45181
58750,0.32997
58750,0.054524
58750,-0.2552
58750,-0.61425
58750,-0.90885
58750,-0.92513
58750,-0.61065
58750,-0.15592
58750,0.15118
58750,0.13447
58750,0.041291
58750,0.17496
58750,0.51743
58750,0.70495
58750,0.61299
58750,0.34924
58750,0.29887
58750,0.44559
58750,0.58872
58750,0.50657
58750,0.43163
58750,0.4134
58750,0.24497
58750,-0.23989
58750,-0.74963
58750,-0.9594
58750,-0.76475
58750,-0.44131
58750,-0.3091
58750,-0.37356
58750,-0.44345
58750,-0.44582
58750,-0.33953
58750,-0.061705
58750,0.12837
58750,0.016899
58750,-0.37137
58750,-0.59773
58750,-0.43052
58750,-0.21227
58750,-0.15684
58750,-0.40149
58750,-0.55413
58750,-0.34703
58750,0.17563
58750,0.38461
58750,0.2482
58750,0.13337
58750,0.12892
58750,0.11849
58750,0.33284
58750,0.49859
58750,0.40169
58750,0.35357
58750,0.47834
58750,0.59512
58750,0.82483
58750,0.9146
58750,0.80087
58750,0.43285
58750,0.1627
58750,0.058061
58750,0.086356
58750,-0.013836
58750,-0.15543
58750,-0.18257
58750,-0.20221
58750,-0.20836
58750,-0.30813
58750,-0.12116
58750,0.039645
58750,0.24442
58750,0.24216
58750,0.085258
58750,-0.1744
58750,-0.24245
58750,0.014399
58750,0.11496
58750,-0.078475
58750,-0.27136
58750,-0.38929
58750,-0.396
58750,-0.16452
58750,0.0075688
58750,-0.025666
58750,-0.13561
58750,-0.19483
58750,-0.20824
58750,-0.24404
58750,-0.25178
58750,-0.16409
58750,0.083795
58750,0.31766
58750,0.45968
58750,0.44602
58750,0.49639
58750,0.49578
58750,0.21045
58750,-0.029386
58750,-0.15513
58750,-0.1758
58750,-0.17092
58750,-0.13787
58750,-0.34197
58750,-0.39308
58750,-0.21855
58750,0.10648
58750,0.25716
58750,0.11508
58750,-0.16379
58750,-0.35911
58750,-0.28502
58750,-0.23331
58750,-0.2016
58750,-0.16238
58750,-0.039386
58750,0.095381
58750,0.098491
58750,0.069159
58750,0.087759
58750,0.27198
58750,0.34809
58750,0.14898
58750,-0.033776
58750,-0.10012
58750,-0.10525
58750,-0.14702
58750,-0.18025
58750,-0.22367
58750,-0.1958
58750,-0.023958
58750,0.25759
58750,0.40754
58750,0.39785
58750,0.32583
58750,0.29729
58750,0.33077
58750,0.33461
58750,0.29265
58750,0.15063
58750,0.1377
58750,0.10361
58750,0.031107
58750,-0.16007
58750,-0.31795
58750,-0.40137
58750,-0.33813
58750,-0.21251
58750,-0.11866
58750,-0.17354
58750,-0.37826
58750,-0.52699
58750,-0.42265
58750,-0.10823
58750,0.14032
58750,0.26375
58750,0.23265
58750,0.089039
58750,-0.094147
58750,-0.025544
58750,0.064464
58750,0.0065321
58750,-0.0052372
58750,0.0073858
58750,-0.036337
58750,-0.030849
58750,0.10624
58750,0.16057
58750,0.10142
58750,-0.074206
58750,-0.22568
58750,-0.24044
58750,0.023241
58750,0.22521
58750,0.22088
58750,0.049158
58750,0.022631
58750,0.17466
58750,0.31296
58750,0.30942
58750,0.15587
58750,0.023912
58750,-0.15793
58750,-0.24129
58750,-0.085366
58750,0.16155
58750,0.24381
58750,0.12264
58750,0.027022
58750,0.024095
58750,0.083429
58750,0.25643
58750,0.38352
58750,0.33577
58750,0.20167
58750,0.12429
58750,0.14776
58750,0.12691
58750,-0.052375
58750,-0.19812
58750,-0.14275
58750,0.089222
58750,0.20472
58750,-0.022861
58750,-0.3546
58750,-0.44936
58750,-0.25819
58750,-0.10128
58750,-0.055546
58750,-0.12348
58750,-0.12391
58750,-0.013409
58750,0.16087
58750,0.19216
58750,0.066171
58750,-0.083659
58750,-0.11098
58750,-0.10872
58750,-0.21708
58750,-0.27935
58750,-0.18153
58750,0.065988
58750,0.28747
58750,0.26009
58750,0.017753
58750,-0.14616
58750,-0.054693
58750,0.13124
58750,0.23045
58750,0.17234
58750,0.032266
58750,0.0064101
58750,0.11593
58750,0.23954
58750,0.23149
58750,0.081356
58750,-0.028532
58750,-0.034447
58750,-0.076097
58750,-0.20824
58750,-0.26965
58750,-0.17672
58750,-0.042009
58750,-0.0052372
58750,-0.081585
58750,-0.26867
58750,-0.35252
58750,-0.26813
58750,-0.16488
58750,-0.036581
58750,0.096235
58750,0.16722
58750,0.077575
58750,0.032449
58750,0.092454
58750,0.23844
58750,0.30589
58750,0.21966
58750,-0.072072
58750,-0.23715
58750,-0.011945
58750,0.22661
58750,0.24491
58750,0.16874
58750,0.13142
58750,0.10142
58750,0.12423
58750,0.18954
58750,0.13727
58750,-0.081829
58750,-0.38057
58750,-0.51022
58750,-0.31118
58750,-0.08311
58750,0.027936
58750,-0.011823
58750,-0.067986
58750,0.092332
58750,0.19454
58750,0.030193
58750,-0.28868
58750,-0.33728
58750,-0.16885
58750,0.12051
58750,0.20277
58750,0.034888
58750,-0.08439
58750,-0.027861
58750,-0.030239
58750,-0.10348
58750,-0.13098
58750,-0.13732
58750,-0.11348
58750,-0.17056
58750,-0.29142
58750,-0.25379
58750,-0.06756
58750,0.033059
58750,0.096357
58750,0.15697
58750,0.16466
58750,0.13929
58750,0.11118
58750,0.15045
58750,0.18996
58750,0.13788
58750,0.066903
58750,0.070196
58750,0.13209
58750,0.24655
58750,0.33205
58750,0.24259
58750,0.15551
58750,0.14813
58750,0.1399
58750,0.11807
58750,0.19063
58750,0.12965
58750,0.060744
58750,0.14508
58750,0.25948
58750,0.20533
58750,0.11715
58750,0.035437
58750,0.003727
58750,0.014033
58750,0.0058003
58750,0.055683
58750,0.06855
58750,0.035193
58750,0.017509
58750,0.076904
58750,0.068367
58750,-0.0034688
58750,0.041047
58750,0.12605
58750,-0.017067
58750,-0.18257
58750,-0.11543
58750,0.062817
58750,0.1502
58750,0.12593
58750,-0.13293
58750,-0.42735
58750,-0.43692
58750,-0.2327
58750,-0.049631
58750,-0.0077374
58750,-0.082439
58750,-0.1619
58750,-0.090976
58750,0.047206
58750,0.08788
58750,0.021228
58750,-0.077804
58750,-0.1444
58750,-0.18501
58750,-0.21958
58750,-0.19385
58750,-0.011945
58750,0.19136
58750,0.25039
58750,0.13191
58750,-0.027556
58750,-0.072377
58750,-0.035911
58750,0.060866
58750,0.06239
58750,-0.021702
58750,-0.1544
58750,-0.083171
58750,0.22734
58750,0.38925
58750,0.30686
58750,0.20545
58750,0.11965
58750,0.09404
58750,0.1449
58750,0.14319
58750,0.071904
58750,0.040742
58750,-0.010725
58750,-0.011884
58750,0.093552
58750,0.12746
58750,0.024521
58750,-0.085122
58750,-0.06756
58750,-0.084329
58750,-0.075975
58750,-0.07817
58750,-0.1583
58750,-0.16275
58750,-0.070365
58750,-0.0043835
58750,-0.013896
58750,-0.021214
58750,-0.10281
58750,-0.086342
58750,0.11227
58750,0.12782
58750,-0.092989
58750,-0.20312
58750,-0.10872
58750,0.04806
58750,0.10319
58750,-0.030483
58750,-0.17714
58750,-0.10872
58750,0.094161
58750,0.29583
58750,0.33583
58750,0.25418
58750,0.19984
58750,0.18783
58750,0.22253
58750,0.19472
58750,0.10038
58750,0.030985
58750,0.044462
58750,0.073367
58750,0.065561
58750,0.035742
58750,0.0029342
58750,0.04995
58750,0.26161
58750,0.33607
58750,0.090381
58750,-0.1311
58750,-0.15013
58750,-0.034508
58750,0.090381
58750,0.098247
58750,-0.13915
58750,-0.273
58750,-0.12756
58750,-0.11311
58750,-0.188
58750,-0.10323
58750,0.054158
58750,0.06361
58750,0.0038489
58750,-0.070609
58750,-0.0072496
58750,0.14148
58750,0.13618
58750,0.013667
58750,-0.025544
58750,0.07233
58750,0.18338
58750,0.2446
58750,0.23558
58750,0.24594
58750,0.23143
58750,0.16533
58750,0.0058003
58750,-0.10817
58750,0.052329
58750,0.20563
58750,0.12435
58750,-0.016702
58750,-0.026337
58750,0.027875
58750,0.09343
58750,0.11922
58750,-0.057925
58750,-0.22965
58750,-0.20342
58750,-0.092806
58750,0.026534
58750,0.037144
58750,-0.096769
58750,-0.1894
58750,-0.19464
58750,-0.14677
58750,-0.043716
58750,-0.033105
58750,-0.040484
58750,-0.095611
58750,-0.10378
58750,-0.10567
58750,-0.12897
58750,0.025436
58750,0.22253
58750,0.29906
58750,0.096967
58750,-0.059449
58750,-0.031154
58750,0.03373
58750,-0.022312
58750,0.0061052
58750,0.07355
58750,0.0097641
58750,-0.018226
58750,-0.057986
58750,0.030863
58750,0.17399
58750,0.24241
58750,0.16045
58750,-0.025422
58750,-0.18123
58750,-0.25495
58750,-0.090976
58750,0.17136
58750,0.24332
58750,0.17179
58750,0.030071
58750,-0.097501
58750,-0.10708
58750,0.094405
58750,0.21112
58750,0.040254
58750,-0.15171
58750,-0.25062
58750,-0.18385
58750,0.0056784
58750,0.14709
58750,0.17911
58750,0.28936
58750,0.40596
58750,0.31223
58750,0.13362
58750,-0.077195
58750,-0.14116
58750,0.082331
58750,0.319
58750,0.26472
58750,0.046292
58750,0.045133
58750,0.31138
58750,0.71495
58750,0.65897
58750,0.18374
58750,-0.24111
58750,-0.23861
58750,-0.15537
58750,-0.11342
58750,-0.11854
58750,-0.14629
58750,-0.12366
58750,-0.10622
58750,-0.015238
58750,0.057939
58750,0.014704
58750,-0.054937
58750,-0.11482
58750,-0.083719
58750,-0.14629
58750,-0.31843
58750,-0.25251
58750,0.0049466
58750,0.11959
58750,0.12416
58750,0.066476
58750,-0.0068837
58750,0.051902
58750,0.26369
58750,0.29741
58750,-0.016092
58750,-0.27142
58750,-0.14671
58750,0.13618
58750,0.30235
58750,0.27174
58750,-0.029569
58750,-0.30636
58750,-0.32752
58750,-0.20532
58750,0.034583
58750,0.17002
58750,0.1788
58750,0.25296
58750,0.36309
58750,0.49804
58750,0.3118
58750,0.028668
58750,-0.25983
58750,-0.31587
58750,-0.29032
58750,-0.32819
58750,-0.53272
58750,-0.52821
58750,-0.2999
58750,-0.17745
58750,-0.1947
58750,-0.29886
58750,-0.4046
58750,-0.36082
58750,-0.064511
58750,0.13923
58750,0.12593
58750,0.019948
58750,0.081112
58750,0.23119
58750,0.3254
58750,0.32662
58750,0.36229
58750,0.43267
58750,0.40736
58750,0.11435
58750,-0.22678
58750,-0.27666
58750,-0.15562
58750,-0.095611
58750,-0.078658
58750,-0.16617
58750,-0.29227
58750,-0.14976
58750,0.19521
58750,0.29753
58750,0.21112
58750,0.12709
58750,0.061476
58750,0.2854
58750,0.5392
58750,0.4545
58750,0.22893
58750,0.10721
58750,0.053731
58750,-0.0032248
58750,-0.0045664
58750,0.0042758
58750,-0.17476
58750,-0.28831
58750,-0.36685
58750,-0.34953
58750,-0.028349
58750,0.43456
58750,0.56585
58750,0.30625
58750,-0.096464
58750,-0.36399
58750,-0.25056
58750,0.19539
58750,0.50145
58750,0.39114
58750,0.042877
58750,-0.25556
58750,-0.1633
58750,0.13118
58750,0.12862
58750,-0.22745
58750,-0.42777
58750,-0.19172
58750,0.08166
58750,0.10075
58750,-0.026702
58750,-0.020299
58750,0.10733
58750,0.26899
58750,0.20271
58750,0.014216
58750,-0.045972
58750,0.11227
58750,0.31266
58750,0.35522
58750,0.12227
58750,-0.2216
58750,-0.34331
58750,-0.25386
58750,-0.066035
58750,0.13337
58750,0.32095
58750,0.32888
58750,0.20417
58750,0.027509
58750,-0.10549
58750,-0.14372
58750,0.024887
58750,0.25241
58750,0.25979
58750,0.1002
58750,0.0077517
58750,0.006654
58750,0.028058
58750,-0.10518
58750,-0.34892
58750,-0.46211
58750,-0.28276
58750,-0.08067
58750,-0.041521
58750,-0.15019
58750,-0.18812
58750,0.052999
58750,0.29015
58750,0.21106
58750,-0.12647
58750,-0.35795
58750,-0.22904
58750,-0.030849
58750,0.043791
58750,-0.024812
58750,-0.085915
58750,0.0020195
58750,0.16112
58750,0.12526
58750,-0.11927
58750,-0.23044
58750,-0.12665
58750,0.033059
58750,0.14142
58750,0.24314
58750,0.18033
58750,0.051109
58750,0.01946
58750,0.067696
58750,0.17899
58750,0.29259
58750,0.31644
58750,0.14868
58750,-0.063169
58750,-0.26593
58750,-0.29307
58750,-0.09244
58750,0.2124
58750,0.31186
58750,0.1738
58750,-0.038777
58750,-0.1186
58750,0.0022024
58750,0.20996
58750,0.31461
58750,0.25674
58750,0.080929
58750,-0.15446
58750,-0.23044
58750,-0.056095
58750,0.10191
58750,0.20313
58750,0.18612
58750,0.047572
58750,-0.16342
58750,-0.23245
58750,-0.10866
58750,0.082575
58750,0.13929
58750,-0.0087741
58750,-0.1994
58750,-0.28807
58750,-0.058595
58750,0.28954
58750,0.38315
58750,0.13599
58750,-0.08439
58750,-0.11317
58750,0.025558
58750,0.23234
58750,0.31607
58750,0.25247
58750,0.13636
58750,0.12727
58750,0.14423
58750,0.14691
58750,0.031168
58750,-0.15165
58750,-0.1286
58750,0.019155
58750,0.14721
58750,0.25552
58750,0.21429
58750,-0.0013954
58750,-0.21952
58750,-0.21477
58750,0.012142
58750,0.24832
58750,0.20881
58750,-0.016885
58750,-0.17135
58750,-0.17897
58750,-0.060303
58750,0.12038
58750,0.1999
58750,0.10544
58750,-0.057254
58750,-0.12171
58750,-0.02036
58750,0.12551
58750,0.13081
58750,0.037388
58750,-0.13763
58750,-0.25678
58750,-0.18391
58750,-0.01786
58750,0.027205
58750,-0.072926
58750,-0.24605
58750,-0.3374
58750,-0.16104
58750,0.09532
58750,0.12904
58750,-0.085671
58750,-0.2266
58750,-0.22062
58750,-0.052314
58750,0.25393
58750,0.38949
58750,0.18868
58750,-0.11299
58750,-0.24312
58750,-0.11976
58750,0.097332
58750,0.1713
58750,0.0018366
58750,-0.11421
58750,-0.11287
58750,-0.10256
58750,0.0070809
58750,0.15594
58750,0.19435
58750,0.17953
58750,0.10807
58750,0.050438
58750,0.1177
58750,0.23948
58750,0.30156
58750,0.19874
58750,0.02818
58750,-0.14244
58750,-0.04335
58750,0.21679
58750,0.30509
58750,-0.002859
58750,-0.45729
58750,-0.54601
58750,-0.28935
58750,0.048792
58750,0.092637
58750,-0.18007
58750,-0.38862
58750,-0.17592
58750,0.33802
58750,0.64201
58750,0.39358
58750,-0.11421
58750,-0.33648
58750,-0.15068
58750,0.088856
58750,0.048121
58750,-0.19611
58750,-0.38966
58750,-0.25825
58750,0.033364
58750,0.186
58750,0.027631
58750,-0.21434
58750,-0.16263
58750,0.11947
58750,0.29125
58750,0.2343
58750,0.044218
58750,-0.099148
58750,0.023851
58750,0.26357
58750,0.33796
58750,0.21417
58750,0.029888
58750,-0.062559
58750,-0.037679
58750,0.068733
58750,0.1577
58750,0.047694
58750,-0.1658
58750,-0.25008
58750,-0.1089
58750,0.24094
58750,0.40455
58750,0.099528
58750,-0.33709
58750,-0.41899
58750,-0.1175
58750,0.23936
58750,0.30461
58750,0.07477
58750,-0.21202
58750,-0.2899
58750,-0.17604
58750,-0.0067007
58750,0.021838
58750,-0.1647
58750,-0.35557
58750,-0.31203
58750,-0.085183
58750,0.051658
58750,0.10758
58750,0.096296
58750,0.05989
58750,-0.023836
58750,-0.11019
58750,-0.27124
58750,-0.24611
58750,-0.07628
58750,0.16508
58750,0.23917
58750,0.21643
58750,0.098613
58750,0.0043978
58750,-0.011762
58750,0.042511
58750,0.14349
58750,0.28418
58750,0.3218
58750,0.11459
58750,-0.10366
58750,-0.077743
58750,0.1313
58750,0.29833
58750,0.24747
58750,0.11679
58750,-0.065242
58750,-0.16806
58750,-0.24843
58750,-0.19763
58750,-0.06573
58750,-0.09555
58750,-0.1547
58750,-0.054266
58750,0.047267
58750,0.0093982
58750,-0.047192
58750,0.073306
58750,0.21618
58750,0.15063
58750,-0.061888
58750,-0.14653
58750,-0.053778
58750,0.068184
58750,-0.016641
58750,-0.022739
58750,0.10947
58750,0.16301
58750,0.18752
58750,0.22326
58750,0.14136
58750,-0.01347
58750,-0.025727
58750,0.074404
58750,0.21643
58750,0.14362
58750,-0.11848
58750,-0.12519
58750,0.13118
58750,0.30473
58750,0.14276
58750,-0.0096278
58750,0.0042148
58750,-0.03463
58750,-0.1397
58750,-0.1594
58750,-0.039264
58750,0.091051
58750,0.061415
58750,-0.12744
58750,-0.10165
58750,0.091356
58750,0.1599
58750,0.15709
58750,0.082331
58750,-0.018165
58750,-0.016946
58750,0.074465
58750,0.0031172
58750,-0.15452
58750,-0.15958
58750,-0.057132
58750,0.11886
58750,0.17307
58750,-0.043838
58750,-0.27916
58750,-0.14135
58750,0.2418
58750,0.4087
58750,0.11197
58750,-0.26721
58750,-0.26849
58750,0.098491
58750,0.3512
58750,0.3168
58750,0.11813
58750,-0.034203
58750,-0.068535
58750,0.05617
58750,0.18014
58750,-0.040301
58750,-0.33155
58750,-0.39692
58750,-0.11397
58750,-0.10445
58750,-0.44942
58750,-0.54534
58750,-0.11037
58750,0.31522
58750,0.38095
58750,0.10935
58750,-0.26544
58750,-0.29801
58750,0.070806
58750,0.39047
58750,0.38925
58750,0.15557
58750,-0.14586
58750,-0.15257
58750,0.1713
58750,0.49792
58750,0.49731
58750,0.27899
58750,-0.016763
58750,-0.15068
58750,-0.038411
58750,0.20405
58750,0.29595
58750,0.13252
58750,-0.23172
58750,-0.36612
58750,-0.042801
58750,0.42169
58750,0.52993
58750,0.30955
58750,0.021289
58750,-0.20666
58750,-0.32764
58750,-0.29721
58750,-0.24587
58750,-0.21385
58750,-0.32313
58750,-0.40863
58750,-0.20751
58750,0.18758
58750,0.30058
58750,0.093979
58750,-0.04585
58750,0.025741
58750,0.018362
58750,-0.14476
58750,-0.16751
58750,0.023851
58750,0.051353
58750,-0.0074325
58750,0.19508
58750,0.44444
58750,0.42443
58750,0.27412
58750,0.074343
58750,-0.021946
58750,0.010435
58750,-0.027678
58750,-0.15086
58750,-0.20647
58750,-0.070914
58750,0.066842
58750,0.18008
58750,0.16039
58750,0.10349
58750,0.1438
58750,0.20332
58750,0.23131
58750,0.016045
58750,-0.2091
58750,-0.19513
58750,-0.1172
58750,0.026473
58750,0.026717
58750,-0.16306
58750,-0.1833
58750,0.066598
58750,0.21911
58750,0.15984
58750,0.017814
58750,-0.03524
58750,-0.1211
58750,-0.2441
58750,-0.33441
58750,-0.30837
58750,-0.17013
58750,-0.0025541
58750,0.17941
58750,0.35766
58750,0.39596
58750,0.34095
58750,0.19063
58750,0.15313
58750,0.090869
58750,0.15795
58750,-0.031276
58750,-0.21989
58750,-0.44406
58750,-0.49875
58750,-0.53309
58750,-0.42381
58750,-0.21196
58750,0.066964
58750,0.26021
58750,0.13892
58750,-0.025483
58750,-0.17409
58750,-0.079695
58750,0.13423
58750,0.23332
58750,0.16722
58750,0.1252
58750,0.14026
58750,0.22094
58750,0.38931
58750,0.42797
58750,0.17581
58750,-0.15891
58750,-0.35264
58750,-0.32905
58750,-0.18147
58750,-0.091586
58750,-0.10842
58750,-0.20428
58750,-0.14244
58750,0.19502
58750,0.59146
58750,0.8577
58750,0.44328
58750,-0.0046274
58750,-0.089696
58750,0.1799
58750,0.47919
58750,0.33455
58750,-0.14848
58750,-0.62035
58750,-0.56065
58750,-0.41436
58750,-0.22696
58750,-0.13488
58750,0.12099
58750,0.098674
58750,0.038852
58750,-0.13696
58750,-0.1647
58750,0.0049466
58750,0.23844
58750,0.33699
58750,0.097637
58750,-0.088415
58750,0.056109
58750,0.47968
58750,0.57621
58750,0.18935
58750,-0.38716
58750,-0.61681
58750,-0.30051
58750,0.058732
58750,0.048548
58750,-0.18855
58750,-0.25501
58750,-0.11311
58750,0.18771
58750,0.43218
58750,0.61238
58750,0.645
58750,0.39657
58750,0.04556
58750,-0.013287
58750,0.25881
58750,0.50926
58750,0.34924
58750,-0.062193
58750,-0.38381
58750,-0.34088
58750,0.0079346
58750,0.15283
58750,-0.15848
58750,-0.63145
58750,-0.60425
58750,-0.16202
58750,0.18929
58750,0.15362
58750,-0.17915
58750,-0.39759
58750,-0.27514
58750,0.020497
58750,0.15362
58750,0.09593
58750,0.037815
58750,-0.043716
58750,-0.13366
58750,-0.20038
58750,-0.15787
58750,-0.014201
58750,0.05178
58750,-0.13635
58750,-0.41704
58750,-0.33033
58750,0.08971
58750,0.31674
58750,0.29522
58750,0.014886
58750,-0.058839
58750,0.25991
58750,0.64878
58750,0.55329
58750,0.15502
58750,-0.19391
58750,-0.16787
58750,0.26003
58750,0.61189
58750,0.44694
58750,-0.064876
58750,-0.22221
58750,-0.069999
58750,-0.13019
58750,-0.37454
58750,-0.34155
58750,0.051231
58750,0.36296
58750,0.20691
58750,-0.18824
58750,-0.29081
58750,-0.065974
58750,0.19307
58750,0.11118
58750,-0.16531
58750,-0.34533
58750,-0.19385
58750,0.091478
58750,0.052877
58750,-0.27837
58750,-0.47259
58750,-0.26441
58750,0.19454
58750,0.38272
58750,0.075867
58750,-0.38716
58750,-0.50272
58750,-0.19105
58750,0.22734
58750,0.3468
58750,0.048975
58750,-0.078536
58750,0.17136
58750,0.53761
58750,0.5953
58750,0.34083
58750,-0.044631
58750,-0.21751
58750,-0.062559
58750,0.18399
58750,0.24905
58750,0.19698
58750,0.13221
58750,0.23466
58750,0.32449
58750,0.1713
58750,-0.058778
58750,-0.14592
58750,-0.15738
58750,-0.22885
58750,-0.30923
58750,-0.21952
58750,-0.042923
58750,0.085746
58750,-0.034264
58750,-0.20495
58750,-0.23081
58750,-0.00048071
58750,0.17075
58750,0.13319
58750,0.011776
58750,-0.053717
58750,-0.011701
58750,0.11642
58750,0.20813
58750,0.089832
58750,-0.15934
58750,-0.21166
58750,-0.11628
58750,-0.060791
58750,-0.16098
58750,-0.28197
58750,-0.22495
58750,-0.039386
58750,0.11142
58750,0.19118
58750,0.24564
58750,0.23795
58750,0.1588
58750,0.050133
58750,-0.058778
58750,-0.13378
58750,-0.082683
58750,0.051353
58750,0.1313
58750,0.11349
58750,0.13813
58750,0.15996
58750,0.067147
58750,-0.10939
58750,-0.213
58750,-0.21556
58750,-0.12
58750,-0.099575
58750,-0.16464
58750,-0.16336
58750,0.043791
58750,0.24789
58750,0.29235
58750,0.20448
58750,0.045438
58750,-0.1808
58750,-0.22093
58750,-0.079024
58750,0.067879
58750,0.11124
58750,0.081295
58750,0.019704
58750,0.1466
58750,0.33156
58750,0.27729
58750,0.019277
58750,-0.12458
58750,-0.066584
58750,0.040193
58750,0.046231
58750,-0.11256
58750,-0.23184
58750,-0.07939
58750,0.25161
58750,0.34004
58750,0.076172
58750,-0.14994
58750,-0.20678
58750,-0.16488
58750,-0.043289
58750,0.04684
58750,-0.061462
58750,-0.26331
58750,-0.20135
58750,-0.018104
58750,0.166
58750,0.21539
58750,0.11752
58750,0.010313
58750,-0.027556
58750,0.042145
58750,0.075745
58750,0.050987
58750,0.023973
58750,0.066659
58750,0.19265
58750,0.21155
58750,0.051414
58750,-0.12031
58750,-0.053534
58750,0.0010438
58750,-0.11512
58750,-0.2394
58750,-0.23709
58750,-0.077682
58750,0.151
58750,0.23594
58750,0.11514
58750,0.029888
58750,0.054768
58750,0.21143
58750,0.35199
58750,0.30217
58750,0.056475
58750,-0.11427
58750,-0.10232
58750,0.060683
58750,0.25485
58750,0.22143
58750,-0.043228
58750,-0.31661
58750,-0.32715
58750,-0.050241
58750,0.18094
58750,0.097759
58750,-0.16897
58750,-0.31331
58750,-0.11116
58750,0.19826
58750,0.26515
58750,0.099223
58750,-0.08622
58750,-0.12006
58750,0.014094
58750,0.088612
58750,0.00031204
58750,-0.23227
58750,-0.22776
58750,-0.068596
58750,0.14264
58750,0.1702
58750,-0.049997
58750,-0.15915
58750,-0.079207
58750,0.23027
58750,0.29875
58750,0.12648
58750,0.017509
58750,0.10148
58750,0.23472
58750,0.27576
58750,0.14209
58750,-0.068169
58750,-0.13885
58750,-0.090549
58750,-0.13342
58750,-0.23056
58750,-0.2627
58750,-0.18647
58750,-0.016824
58750,0.16978
58750,0.23326
58750,0.13697
58750,0.0092152
58750,-0.032801
58750,-0.025483
58750,-0.0096888
58750,-0.049692
58750,-0.16958
58750,-0.10805
58750,0.084892
58750,0.17575
58750,0.1774
58750,0.11776
58750,-0.15866
58750,-0.35386
58750,-0.28179
58750,-0.099087
58750,-0.011457
58750,-0.061583
58750,-0.12756
58750,0.048121
58750,0.40772
58750,0.59152
58750,0.51749
58750,0.25826
58750,0.011654
58750,-0.011274
58750,0.11398
58750,0.14087
58750,0.094893
58750,0.083368
58750,0.14721
58750,0.15142
58750,0.031473
58750,-0.0253
58750,0.031839
58750,0.10056
58750,0.12569
58750,0.13349
58750,-0.041338
58750,-0.30234
58750,-0.42039
58750,-0.32179
58750,-0.090976
58750,0.098857
58750,0.0059223
58750,-0.18318
58750,-0.12952
58750,-0.058291
58750,-0.14513
58750,-0.14464
58750,0.0097031
58750,0.039706
58750,0.011411
58750,-0.067864
58750,-0.18233
58750,-0.20031
58750,0.094588
58750,0.41394
58750,0.58067
58750,0.54475
58750,0.21698
58750,-0.11665
58750,-0.10403
58750,0.19466
58750,0.43303
58750,0.50907
58750,0.25692
58750,-0.17604
58750,-0.32959
58750,-0.051766
58750,0.39998
58750,0.45681
58750,0.19447
58750,-0.17574
58750,-0.31106
58750,-0.23331
58750,-0.13482
58750,-0.17604
58750,-0.30276
58750,-0.3749
58750,-0.32215
58750,-0.22465
58750,-0.14403
58750,-0.093842
58750,0.03062
58750,0.14514
58750,0.12441
58750,-0.040911
58750,-0.21611
58750,-0.2552
58750,-0.2119
58750,-0.092684
58750,-0.022739
58750,0.086722
58750,0.25722
58750,0.2782
58750,0.1377
58750,0.047816
58750,0.036535
58750,0.064586
58750,0.1266
58750,0.092698
58750,-0.065547
58750,-0.16989
58750,-0.081463
58750,0.166
58750,0.40102
58750,0.49127
58750,0.40907
58750,0.24003
58750,0.085685
58750,-0.08128
58750,-0.12427
58750,-0.0539
58750,0.091356
58750,0.12599
58750,-0.085366
58750,-0.30014
58750,-0.27459
58750,-0.0037737
58750,0.2185
58750,0.19649
58750,-0.12452
58750,-0.38259
58750,-0.41113
58750,-0.22678
58750,0.063
58750,0.28582
58750,0.2771
58750,0.20539
58750,0.10928
58750,0.078185
58750,0.11929
58750,0.22137
58750,0.2918
58750,0.2357
58750,-0.037679
58750,-0.39454
58750,-0.48156
58750,-0.12574
58750,0.17966
58750,0.22539
58750,0.077758
58750,-0.066767
58750,0.07166
58750,0.31077
58750,0.24442
58750,-0.051644
58750,-0.22702
58750,-0.20342
58750,-0.030666
58750,0.14081
58750,0.14642
58750,0.108
58750,0.23015
58750,0.29021
58750,0.14557
58750,-0.1908
58750,-0.40503
58750,-0.2963
58750,-0.055546
58750,0.17252
58750,0.22558
58750,0.1535
58750,0.13849
58750,0.2271
58750,0.32918
58750,0.35845
58750,0.25777
58750,0.11276
58750,0.052695
58750,0.11172
58750,0.094161
58750,0.10154
58750,0.15722
58750,0.16075
58750,0.032632
58750,-0.16348
58750,-0.31715
58750,-0.32984
58750,-0.065181
58750,0.17027
58750,0.12118
58750,-0.045728
58750,-0.21105
58750,-0.29666
58750,-0.30947
58750,-0.24495
58750,-0.2899
58750,-0.14622
58750,-0.044265
58750,-0.09994
58750,-0.25648
58750,-0.30356
58750,-0.26105
58750,-0.23581
58750,-0.24538
58750,-0.1372
58750,0.078489
58750,0.22838
58750,0.11172
58750,0.0073248
58750,0.045011
58750,0.15295
58750,0.25216
58750,0.39772
58750,0.37187
58750,0.062208
58750,-0.12482
58750,0.040986
58750,0.33998
58750,0.36784
58750,0.097028
58750,-0.21257
58750,-0.29203
58750,-0.012433
58750,0.39266
58750,0.59725
58750,0.57871
58750,0.52682
58750,0.45468
58750,0.36601
58750,0.34229
58750,0.16844
58750,-0.052314
58750,-0.16354
58750,-0.23288
58750,-0.44369
58750,-0.52492
58750,-0.48778
58750,-0.36551
58750,-0.22288
58750,-0.18489
58750,-0.19696
58750,0.015923
58750,0.22381
58750,0.084953
58750,-0.12476
58750,-0.099514
58750,0.15837
58750,0.30394
58750,0.29174
58750,-0.0098717
58750,-0.35765
58750,-0.28922
58750,-0.0060909
58750,0.20167
58750,0.060073
58750,-0.15037
58750,-0.26867
58750,-0.10549
58750,0.17258
58750,0.27979
58750,0.1974
58750,0.091783
58750,0.19563
58750,0.404
58750,0.57963
58750,0.60427
58750,0.47267
58750,0.21978
58750,0.011472
58750,-0.02219
58750,0.077331
58750,0.14075
58750,0.04306
58750,-0.15897
58750,-0.25008
58750,-0.2738
58750,-0.22422
58750,-0.014872
58750,0.16636
58750,0.20326
58750,0.25838
58750,0.22064
58750,0.18813
58750,0.17423
58750,0.21643
58750,0.083002
58750,-0.0046884
58750,0.0038489
58750,0.00043401
58750,-0.046155
58750,-0.14726
58750,-0.2519
58750,-0.40234
58750,-0.42033
58750,-0.43631
58750,-0.46522
58750,-0.47485
58750,-0.3732
58750,-0.18019
58750,-0.021885
58750,-0.0087131
58750,-0.037069
58750,-0.049692
58750,0.0014097
58750,-0.05451
58750,-0.051766
58750,0.11477
58750,0.16051
58750,0.033364
58750,-0.05268
58750,0.025009
58750,0.033851
58750,0.01885
58750,0.013789
58750,0.00086087
58750,0.10014
58750,0.15886
58750,0.17624
58750,0.14563
58750,0.16527
58750,0.2074
58750,0.19076
58750,0.1974
58750,0.19807
58750,0.13227
58750,0.11099
58750,0.15459
58750,0.16301
58750,0.16002
58750,0.103
58750,-0.032435
58750,-0.12372
58750,-0.14409
58750,-0.096464
58750,-0.024812
58750,0.0018975
58750,0.048975
58750,0.074953
58750,0.092088
58750,-0.013409
58750,-0.14336
58750,-0.21489
58750,-0.080609
58750,0.10477
58750,0.057695
58750,-0.15305
58750,-0.31831
58750,-0.27587
58750,-0.1114
58750,0.032266
58750,0.045926
58750,0.0017756
58750,0.0014707
58750,0.084466
58750,0.15539
58750,0.23564
58750,0.25027
58750,0.31662
58750,0.28156
58750,0.24478
58750,0.099589
58750,0.031107
58750,0.020558
58750,0.1266
58750,0.21509
58750,0.11337
58750,-0.10232
58750,-0.10415
58750,0.13599
58750,0.34504
58750,0.29314
58750,0.15965
58750,0.17899
58750,0.38498
58750,0.52542
58750,0.30955
58750,0.01202
58750,-0.053534
58750,0.033181
58750,0.023424
58750,-0.074633
58750,-0.16732
58750,-0.21025
58750,-0.26245
58750,-0.28526
58750,-0.3027
58750,-0.2244
58750,-0.11915
58750,0.014825
58750,0.043243
58750,-0.087683
58750,-0.010725
58750,0.17331
58750,0.36638
58750,0.21826
58750,-0.10451
58750,-0.31856
58750,-0.24032
58750,-0.024324
58750,-0.016885
58750,-0.26825
58750,-0.62627
58750,-0.62267
58750,-0.21147
58750,0.045072
58750,-0.013165
58750,-0.18245
58750,-0.25471
58750,-0.19117
58750,-0.019385
58750,0.078794
58750,0.079526
58750,0.071477
58750,0.10605
58750,0.14953
58750,0.19655
58750,0.16344
58750,0.077087
58750,0.0083005
58750,0.044584
58750,0.06422
58750,0.0269
58750,0.024217
58750,0.069159
58750,0.15606
58750,0.20472
58750,0.15587
58750,0.072757
58750,0.097089
58750,0.20771
58750,0.221
58750,0.11593
58750,0.0026903
58750,-0.0087741
58750,0.15075
58750,0.2296
58750,0.049341
58750,-0.17324
58750,-0.21678
58750,-0.10903
58750,0.043486
58750,0.15374
58750,0.14959
58750,-0.04085
58750,-0.21696
58750,-0.24751
58750,-0.11116
58750,0.025192
58750,-0.00914
58750,-0.18111
58750,-0.25898
58750,-0.18312
58750,-0.030971
58750,-0.00090757
58750,-0.04768
58750,-0.11512
58750,-0.21879
58750,-0.16903
58750,-0.025544
58750,0.16179
58750,0.28704
58750,0.28454
58750,0.14843
58750,0.092576
58750,0.24539
58750,0.34309
58750,0.29863
58750,0.19515
58750,0.17185
58750,0.24643
58750,0.31705
58750,0.23009
58750,0.035864
58750,0.074282
58750,0.22259
58750,0.40303
58750,0.39175
58750,0.11465
58750,-0.15781
58750,-0.11573
58750,0.060683
58750,0.10587
58750,0.035864
58750,-0.13805
58750,-0.23373
58750,-0.13976
58750,0.064281
58750,0.13587
58750,-0.059022
58750,-0.35173
58750,-0.55846
58750,-0.46546
58750,-0.30996
58750,-0.18397
58750,-0.20038
58750,-0.27325
58750,-0.31081
58750,-0.22013
58750,-0.15574
58750,-0.18568
58750,-0.11189
58750,0.066903
58750,0.2718
58750,0.21374
58750,0.073367
58750,-0.090427
58750,-0.18263
58750,-0.15037
58750,-0.043411
58750,-0.027434
58750,-0.16177
58750,-0.14531
58750,0.027266
58750,0.14221
58750,0.21698
58750,0.1649
58750,0.074343
58750,0.026229
58750,0.12398
58750,0.15734
58750,0.14209
58750,0.25131
58750,0.40901
58750,0.45505
58750,0.2085
58750,-0.1991
58750,-0.42777
58750,-0.39966
58750,-0.22751
58750,-0.043838
58750,0.06855
58750,0.094649
58750,-0.078231
58750,-0.16299
58750,0.077026
58750,0.37662
58750,0.36406
58750,0.16966
58750,-0.024385
58750,-0.063901
58750,0.099284
58750,0.28223
58750,0.339
58750,0.073062
58750,-0.39454
58750,-0.35783
58750,0.2482
58750,0.62707
58750,0.26247
58750,-0.44631
58750,-0.61529
58750,-0.19147
58750,0.32125
58750,0.41163
58750,0.18905
58750,-0.012738
58750,0.020863
58750,6.8121e-05
58750,0.0089103
58750,0.16892
58750,0.33028
58750,0.34583
58750,0.13471
58750,-0.28825
58750,-0.49741
58750,-0.15488
58750,0.4498
58750,0.68482
58750,0.2146
58750,-0.43716
58750,-0.59273
58750,-0.026215
58750,0.61097
58750,0.61878
58750,0.14978
58750,-0.26654
58750,-0.27563
58750,-0.062315
58750,0.14636
58750,0.18649
58750,0.13307
58750,-0.051461
58750,-0.19172
58750,-0.11348
58750,0.096479
58750,0.25509
58750,0.26259
58750,0.20631
58750,0.010313
58750,-0.090366
58750,-0.066218
58750,0.020924
58750,0.023241
58750,-0.054998
58750,-0.10384
58750,-0.12878
58750,-0.24965
58750,-0.44393
58750,-0.50455
58750,-0.36844
58750,-0.22666
58750,-0.15147
58750,-0.35996
58750,-0.57163
58750,-0.54217
58750,-0.29612
58750,-0.078963
58750,-0.033166
58750,-0.11958
58750,-0.14
58750,0.053853
58750,0.2732
58750,0.40279
58750,0.32156
58750,0.043364
58750,-0.23068
58750,-0.15031
58750,0.24442
58750,0.56371
58750,0.38083
58750,-0.063901
58750,-0.22001
58750,0.097881
58750,0.5492
58750,0.70427
58750,0.39096
58750,-0.068535
58750,-0.20458
58750,0.12868
58750,0.56853
58750,0.68086
58750,0.30058
58750,-0.098477
58750,-0.2166
58750,-0.12964
58750,-0.0056641
58750,0.081477
58750,0.003727
58750,-0.10006
58750,-0.13598
58750,-0.1919
58750,-0.30612
58750,-0.32587
58750,-0.31148
58750,-0.1919
58750,0.00098283
58750,0.069098
58750,0.0048246
58750,-0.066706
58750,-0.17318
58750,-0.34575
58750,-0.40917
58750,-0.27983
58750,-0.16586
58750,-0.15562
58750,-0.17635
58750,-0.043533
58750,0.32321
58750,0.58804
58750,0.51121
58750,0.17685
58750,-0.0024321
58750,0.057512
58750,0.21515
58750,0.22179
58750,0.10831
58750,0.031168
58750,0.034949
58750,0.26253
58750,0.59524
58750,0.60884
58750,0.33351
58750,-0.047253
58750,-0.21812
58750,0.017021
58750,0.36766
58750,0.3015
58750,0.022082
58750,-0.016336
58750,0.091783
58750,0.21929
58750,0.40199
58750,0.44346
58750,0.24655
58750,-0.022495
58750,-0.21513
58750,-0.50711
58750,-0.6009
58750,-0.26825
58750,0.19447
58750,0.33046
58750,0.029766
58750,-0.48522
58750,-0.67956
58750,-0.29221
58750,0.22838
58750,0.30192
58750,0.0087884
58750,-0.48058
58750,-0.82982
58750,-0.66231
58750,-0.25623
58750,-0.19233
58750,-0.47137
58750,-0.69804
58750,-0.58468
58750,-0.2258
58750,0.093918
58750,0.19954
58750,0.072696
58750,-0.093842
58750,-0.12226
58750,0.096662
58750,0.25046
58750,0.15807
58750,0.018972
58750,0.075684
58750,0.3626
58750,0.66177
58750,0.66781
58750,0.45066
58750,0.16033
58750,0.1091
58750,0.29814
58750,0.36492
58750,0.1202
58750,-0.19659
58750,-0.26678
58750,-0.052985
58750,0.47468
58750,0.67013
58750,0.41565
58750,0.14228
58750,0.13587
58750,0.092759
58750,-0.14994
58750,-0.35386
58750,-0.56102
58750,-0.48534
58750,-0.33636
58750,-0.12909
58750,-0.09433
58750,-0.081707
58750,-0.002737
58750,0.11361
58750,0.1088
58750,-0.21434
58750,-0.35758
58750,-0.099453
58750,0.32064
58750,0.22027
58750,-0.24532
58750,-0.45485
58750,-0.1991
58750,0.45413
58750,0.82807
58750,0.57243
58750,0.064403
58750,-0.22898
58750,-0.091342
58750,0.31381
58750,0.5628
58750,0.2618
58750,-0.17531
58750,-0.13659
58750,0.30564
58750,0.57536
58750,0.69732
58750,0.60024
58750,0.30705
58750,0.006959
58750,-0.14683
58750,-0.04457
58750,0.047389
58750,-0.068718
58750,-0.31295
58750,-0.27258
58750,0.066476
58750,0.46322
58750,0.53255
58750,0.2418
58750,-0.20623
58750,-0.53705
58750,-0.42485
58750,0.037998
58750,0.4412
58750,0.22234
58750,-0.50254
58750,-0.81335
58750,-0.30471
58750,0.41712
58750,0.55688
58750,0.15386
58750,-0.24386
58750,-0.23099
58750,-0.0072496
58750,0.032571
58750,-0.20452
58750,-0.48375
58750,-0.61505
58750,-0.36137
58750,0.033851
58750,0.064769
58750,-0.040789
58750,-0.20763
58750,-0.20623
58750,0.19923
58750,0.3226
58750,-0.032862
58750,-0.57352
58750,-0.76548
58750,-0.81817
58750,-0.62242
58750,-0.27746
58750,-0.10366
58750,-0.01414
58750,0.14563
58750,0.2807
58750,0.33229
58750,0.28521
58750,0.20618
58750,0.23905
58750,0.34991
58750,0.1999
58750,0.13234
58750,0.27637
58750,0.32735
58750,0.37266
58750,0.42456
58750,0.31949
58750,0.166
58750,0.10605
58750,0.033059
58750,-0.12019
58750,-0.094208
58750,-0.075365
58750,-0.19007
58750,-0.31532
58750,-0.27758
58750,-0.0081033
58750,0.31131
58750,0.32808
58750,0.15825
58750,0.097942
58750,0.25448
58750,0.37254
58750,0.24539
58750,0.028607
58750,-0.26709
58750,-0.38484
58750,-0.38192
58750,-0.41997
58750,-0.54601
58750,-0.57071
58750,-0.53711
58750,-0.27124
58750,0.094405
58750,0.13343
58750,0.057573
58750,-0.0034078
58750,-0.076707
58750,-0.0074325
58750,0.16691
58750,0.3851
58750,0.49096
58750,0.59305
58750,0.51511
58750,0.45224
58750,0.40029
58750,0.38998
58750,0.45017
58750,0.52572
58750,0.3873
58750,0.065379
58750,-0.11506
58750,0.055195
58750,0.40901
58750,0.46614
58750,0.18338
58750,-0.033654
58750,-0.091098
58750,-0.10025
58750,-0.094818
58750,-0.12488
58750,-0.12799
58750,-0.053412
58750,0.043486
58750,-0.0013954
58750,-0.198
58750,-0.33283
58750,-0.3199
58750,-0.21385
58750,-0.14372
58750,-0.12872
58750,-0.28849
58750,-0.45076
58750,-0.40625
58750,-0.34088
58750,-0.37728
58750,-0.37746
58750,-0.29923
58750,-0.2327
58750,-0.10634
58750,-0.082744
58750,-0.10238
58750,-0.10214
58750,-0.12567
58750,-0.10037
58750,-0.028471
58750,0.085197
58750,0.10807
58750,0.19466
58750,0.23795
58750,0.24643
58750,0.30473
58750,0.37327
58750,0.29918
58750,0.2282
58750,0.16978
58750,0.26582
58750,0.29851
58750,0.19521
58750,0.0076907
58750,-0.059388
58750,0.19508
58750,0.42096
58750,0.37004
58750,0.09093
58750,-0.12452
58750,-0.087866
58750,0.067574
58750,0.13063
58750,-0.0055421
58750,-0.0016393
58750,0.3315
58750,0.58292
58750,0.45413
58750,-0.2502
58750,-0.89013
58750,-0.8533
58750,-0.21324
58750,0.48785
58750,0.41803
58750,-0.39893
58750,-1.0137
58750,-0.71518
58750,0.12849
58750,0.56634
58750,0.10093
58750,-0.70347
58750,-0.81805
58750,-0.14629
58750,0.37278
58750,0.2871
58750,-0.07195
58750,-0.4521
58750,-0.24898
58750,0.41827
58750,0.78123
58750,0.48761
58750,0.061659
58750,0.079038
58750,0.56945
58750,1.1312
58750,1.1052
58750,0.60311
58750,0.22887
58750,0.24088
58750,0.31009
58750,0.59878
58750,0.66177
58750,0.017204
58750,-0.77536
58750,-1.0454
58750,-0.87519
58750,-0.78158
58750,-0.61059
58750,-0.2677
58750,-0.030178
58750,-0.40234
58750,-1.183
58750,-1.7644
58750,-1.5923
58750,-0.62181
58750,0.48474
58750,1.0347
58750,0.76373
58750,-0.017067
58750,-0.37966
58750,0.043547
58750,0.70537
58750,0.9307
58750,0.61555
58750,-0.14635
58750,-0.75183
58750,-0.61334
58750,-0.12256
58750,0.13837
58750,-0.11445
58750,-0.62724
58750,-1.0302
58750,-1.1717
58750,-1.1583
58750,-0.87299
58750,-0.45003
58750,-0.18007
58750,-0.050912
58750,0.044218
58750,0.079038
58750,0.27009
58750,0.53585
58750,0.84977
58750,1.1823
58750,1.2754
58750,1.0979
58750,0.84862
58750,0.66714
58750,0.69604
58750,1.0178
58750,1.1252
58750,0.99406
58750,0.88051
58750,0.74105
58750,0.48255
58750,0.3315
58750,0.25076
58750,0.050316
58750,-0.15513
58750,-0.31514
58750,-0.47772
58750,-0.38283
58750,-0.054632
58750,0.20527
58750,0.21094
58750,0.14063
58750,0.064037
58750,0.034888
58750,-0.058047
58750,-0.038106
58750,0.18393
58750,0.34979
58750,0.25058
58750,0.084953
58750,0.058244
58750,-0.0068837
58750,-0.12232
58750,-0.23904
58750,-0.40753
58750,-0.76109
58750,-1.0597
58750,-1.0863
58750,-0.97044
58750,-0.96136
58750,-0.99142
58750,-0.95654
58750,-0.85665
58750,-0.59724
58750,-0.21093
58750,-0.18958
58750,-0.50058
58750,-0.57138
58750,-0.29551
58750,0.027936
58750,0.25576
58750,0.22344
58750,0.14087
58750,0.34729
58750,0.73659
58750,1.0111
58750,1.1287
58750,0.951
58750,0.52036
58750,0.20789
58750,0.15892
58750,0.26314
58750,0.36522
58750,0.37784
58750,0.25399
58750,0.23527
58750,0.29217
58750,0.23204
58750,0.18533
58750,0.31016
58750,0.38467
58750,0.29137
58750,0.21667
58750,0.19899
58750,0.23911
58750,0.30759
58750,0.4034
58750,0.3812
58750,0.2435
58750,0.1674
58750,0.1896
58750,0.34144
58750,0.43334
58750,0.35766
58750,0.18258
58750,-0.1075
58750,-0.34612
58750,-0.42332
58750,-0.31642
58750,-0.29977
58750,-0.45314
58750,-0.63145
58750,-0.67359
58750,-0.60352
58750,-0.53486
58750,-0.52437
58750,-0.43686
58750,-0.37631
58750,-0.36935
58750,-0.23605
58750,-0.096038
58750,-0.013896
58750,0.108
58750,0.22972
58750,0.30485
58750,0.37882
58750,0.32412
58750,0.16356
58750,0.093247
58750,0.11142
58750,0.10593
58750,0.15472
58750,0.16661
58750,0.091295
58750,-0.054693
58750,-0.21727
58750,-0.27124
58750,-0.23538
58750,-0.22135
58750,-0.28057
58750,-0.32551
58750,-0.44607
58750,-0.56339
58750,-0.51089
58750,-0.30063
58750,-0.2019
58750,-0.1419
58750,-0.20794
58750,-0.22056
58750,-0.085427
58750,0.17466
58750,0.30656
58750,0.23161
58750,0.06983
58750,-0.0017613
58750,0.059098
58750,0.086234
58750,0.040681
58750,0.019948
58750,0.10727
58750,0.16441
58750,0.21234
58750,0.21515
58750,0.10941
58750,0.077514
58750,-0.026763
58750,-0.044875
58750,0.10502
58750,0.18454
58750,0.1249
58750,-0.022007
58750,0.032205
58750,0.13264
58750,0.2485
58750,0.29247
58750,0.29711
58750,0.28412
58750,0.3132
58750,0.324
58750,0.24106
58750,0.092576
58750,0.052146
58750,0.10788
58750,0.21167
58750,0.236
58750,0.16429
58750,0.10386
58750,0.04062
58750,-0.045728
58750,-0.049997
58750,-0.047009
58750,-0.14464
58750,-0.32136
58750,-0.21672
58750,0.055134
58750,0.19789
58750,0.1263
58750,0.10148
58750,0.16161
58750,0.32705
58750,0.27363
58750,0.09782
58750,0.020619
58750,0.10672
58750,0.1735
58750,0.15148
58750,0.020375
58750,-0.10403
58750,-0.18348
58750,-0.23062
58750,-0.21757
58750,-0.072316
58750,0.058427
58750,-0.076524
58750,-0.21001
58750,-0.33118
58750,-0.3421
58750,-0.2169
58750,-0.16757
58750,-0.23324
58750,-0.22166
58750,-0.19312
58750,-0.13568
58750,0.003727
58750,0.019216
58750,-0.15519
58750,-0.33441
58750,-0.41058
58750,-0.25172
58750,0.040925
58750,0.27845
58750,0.31211
58750,0.10233
58750,0.01263
58750,0.196
58750,0.45047
58750,0.40992
58750,0.26777
58750,0.1485
58750,0.15679
58750,0.17972
58750,0.17014
58750,0.15136
58750,0.15545
58750,0.031351
58750,-0.15031
58750,-0.20007
58750,-0.11354
58750,-0.026337
58750,0.030498
58750,0.034888
58750,-0.12183
58750,-0.2802
58750,-0.1433
58750,0.15868
58750,0.35449
58750,0.20588
58750,-0.10866
58750,-0.14903
58750,0.07544
58750,0.16667
58750,-0.02902
58750,-0.23953
58750,-0.36691
58750,-0.31447
58750,-0.068901
58750,0.1774
58750,0.26808
58750,0.34491
58750,0.27979
58750,0.33577
58750,0.52194
58750,0.52383
58750,0.38791
58750,0.32089
58750,0.344
58750,0.33162
58750,0.29564
58750,0.090747
58750,0.055866
58750,0.15764
58750,0.071172
58750,0.039279
58750,0.099223
58750,0.32955
58750,0.40852
58750,0.36351
58750,0.1874
58750,-0.05579
58750,-0.034874
58750,0.17167
58750,0.37973
58750,0.20728
58750,-0.058412
58750,-0.12836
58750,-0.030849
58750,-0.0061519
58750,-0.13909
58750,-0.57236
58750,-0.94294
58750,-0.94355
58750,-0.60517
58750,-0.30374
58750,-0.16702
58750,-0.26947
58750,-0.34173
58750,-0.1261
58750,0.023485
58750,0.015374
58750,-0.079634
58750,-0.067255
58750,0.028241
58750,0.20795
58750,0.19941
58750,0.1374
58750,0.015313
58750,-0.15946
58750,-0.23446
58750,-0.20019
58750,-0.079634
58750,0.066781
58750,0.12654
58750,0.16935
58750,0.21051
58750,0.20033
58750,0.21368
58750,0.31125
58750,0.49377
58750,0.50029
58750,0.25521
58750,0.075379
58750,0.099711
58750,0.21356
58750,0.38772
58750,0.30522
58750,-0.095245
58750,-0.22989
58750,-0.013775
58750,0.27662
58750,0.40535
58750,0.14032
58750,-0.21446
58750,-0.2083
58750,0.046231
58750,0.13795
58750,0.026473
58750,-0.093172
58750,-0.19367
58750,-0.03091
58750,0.020192
58750,-0.064206
58750,-0.27166
58750,-0.32069
58750,-0.38064
58750,-0.39917
58750,-0.10695
58750,0.18197
58750,0.27357
58750,0.2346
58750,0.15783
58750,0.051475
58750,0.03001
58750,0.12032
58750,0.17423
58750,0.21155
58750,0.15587
58750,-0.030788
58750,-0.1222
58750,0.031412
58750,0.20356
58750,0.14063
58750,-0.11128
58750,-0.22849
58750,-0.079146
58750,0.13179
58750,0.27058
58750,0.24509
58750,0.18106
58750,0.086905
58750,-0.081585
58750,-0.10189
58750,0.042328
58750,0.24009
58750,0.3176
58750,0.19765
58750,-0.10165
58750,-0.38771
58750,-0.3199
58750,-0.086159
58750,0.1274
58750,0.10441
58750,-0.072865
58750,-0.23324
58750,-0.19391
58750,-0.10433
58750,-0.16708
58750,-0.30246
58750,-0.24264
58750,-0.08311
58750,0.021594
58750,-0.085122
58750,-0.1747
58750,-0.15586
58750,-0.046765
58750,-0.0020052
58750,-0.087439
58750,-0.17232
58750,-0.12293
58750,-0.11988
58750,-0.18013
58750,-0.11994
58750,0.087027
58750,0.33132
58750,0.41913
58750,0.21929
58750,-0.11171
58750,-0.14696
58750,0.034644
58750,0.34796
58750,0.44401
58750,0.25631
58750,-0.015909
58750,-0.035911
58750,0.28174
58750,0.49377
58750,0.22533
58750,-0.24764
58750,-0.30307
58750,0.021472
58750,0.28832
58750,0.18289
58750,-0.18336
58750,-0.38466
58750,-0.17659
58750,0.108
58750,0.11459
58750,-0.0063349
58750,-0.020056
58750,0.09532
58750,0.17149
58750,0.089283
58750,-0.039386
58750,-0.019751
58750,0.067635
58750,0.087088
58750,-0.011152
58750,-0.12531
58750,-0.097318
58750,0.13471
58750,0.32046
58750,0.18594
58750,-0.085061
58750,-0.11116
58750,0.11209
58750,0.49426
58750,0.72373
58750,0.54493
58750,0.21649
58750,0.033791
58750,0.015496
58750,-0.033105
58750,-0.19227
58750,-0.4018
58750,-0.47028
58750,-0.34514
58750,-0.28105
58750,-0.31435
58750,-0.3871
58750,-0.391
58750,-0.2663
58750,-0.024385
58750,0.069403
58750,0.054036
58750,0.10191
58750,0.15795
58750,0.13045
58750,0.066964
58750,0.13935
58750,0.23112
58750,0.23289
58750,0.12038
58750,-0.0099937
58750,-0.061644
58750,0.020497
58750,0.1863
58750,0.21606
58750,0.1702
58750,0.20838
58750,0.37065
58750,0.53322
58750,0.6253
58750,0.58146
58750,0.38474
58750,0.25771
58750,0.27265
58750,0.23923
58750,0.16374
58750,-0.024263
58750,-0.22324
58750,-0.28392
58750,-0.22446
58750,-0.23233
58750,-0.39021
58750,-0.64706
58750,-0.84202
58750,-0.70274
58750,-0.4421
58750,-0.24453
58750,-0.1744
58750,-0.30587
58750,-0.49357
58750,-0.5226
58750,-0.31337
58750,-0.095794
58750,0.061537
58750,0.1127
58750,0.047328
58750,-0.02036
58750,0.0059833
58750,0.18911
58750,0.38095
58750,0.31467
58750,0.12319
58750,0.027205
58750,0.18271
58750,0.47578
58750,0.63909
58750,0.50804
58750,0.26485
58750,0.20515
58750,0.1771
58750,0.10313
58750,0.11258
58750,0.28332
58750,0.39852
58750,0.27393
58750,0.02068
58750,-0.20678
58750,-0.33941
58750,-0.35338
58750,-0.31179
58750,-0.22873
58750,-0.30557
58750,-0.43826
58750,-0.41167
58750,-0.25721
58750,-0.12537
58750,-0.14933
58750,-0.31484
58750,-0.38795
58750,-0.32173
58750,-0.27447
58750,-0.34886
58750,-0.2863
58750,-0.090122
58750,0.16825
58750,0.30485
58750,0.30235
58750,0.11892
58750,-0.0093229
58750,0.065013
58750,0.21118
58750,0.3168
58750,0.42413
58750,0.45303
58750,0.33796
58750,0.07044
58750,-0.23483
58750,-0.38966
58750,-0.31429
58750,-0.10086
58750,0.063366
58750,0.20106
58750,0.24875
58750,0.32686
58750,0.30205
58750,0.1771
58750,0.042023
58750,-0.014567
58750,-0.025971
58750,-0.016336
58750,0.1013
58750,0.22978
58750,0.19655
58750,-0.13513
58750,-0.49016
58750,-0.56492
58750,-0.38789
58750,-0.14555
58750,0.014947
58750,-0.066645
58750,-0.2266
58750,-0.23422
58750,-0.00048071
58750,0.33004
58750,0.56591
58750,0.60957
58750,0.3765
58750,0.2557
58750,0.3104
58750,0.44553
58750,0.49151
58750,0.3501
58750,0.080685
58750,-0.16171
58750,-0.32008
58750,-0.1769
58750,0.20063
58750,0.30314
58750,-0.088293
58750,-0.48601
58750,-0.63505
58750,-0.49754
58750,-0.22629
58750,-0.040423
58750,-0.023836
58750,-0.1333
58750,-0.25221
58750,-0.26648
58750,-0.11354
58750,0.02507
58750,-0.057376
58750,-0.183
58750,-0.15775
58750,-0.013226
58750,0.054707
58750,0.026534
58750,-0.028654
58750,-0.057864
58750,0.031168
58750,0.16392
58750,0.29851
58750,0.38095
58750,0.3293
58750,0.29729
58750,0.49096
58750,0.60366
58750,0.41529
58750,0.095381
58750,0.084466
58750,0.44376
58750,0.64817
58750,0.38809
58750,-0.017738
58750,-0.15751
58750,-0.10018
58750,-0.071096
58750,-0.16025
58750,-0.39808
58750,-0.62858
58750,-0.60358
58750,-0.25581
58750,0.16392
58750,0.1663
58750,-0.12659
58750,-0.36612
58750,-0.25959
58750,-0.11738
58750,-0.090854
58750,-0.048473
58750,0.13423
58750,0.086112
58750,-0.23721
58750,-0.39826
58750,-0.2588
58750,0.0076907
58750,0.21826
58750,0.28589
58750,0.32095
58750,0.45358
58750,0.5553
58750,0.60731
58750,0.62402
58750,0.512
58750,0.30034
58750,0.058793
58750,0.0050076
58750,0.30076
58750,0.52542
58750,0.45127
58750,0.25771
58750,0.058488
58750,-0.18629
58750,-0.3088
58750,-0.2302
58750,-0.20251
58750,-0.32459
58750,-0.37905
58750,-0.2277
58750,0.073977
58750,0.10526
58750,-0.1536
58750,-0.39509
58750,-0.47851
58750,-0.50937
58750,-0.44088
58750,-0.41985
58750,-0.50796
58750,-0.3099
58750,0.084648
58750,0.40096
58750,0.21198
58750,-0.17446
58750,-0.36801
58750,-0.10214
58750,0.36046
58750,0.53463
58750,0.4359
58750,0.27832
58750,0.24143
58750,0.13288
58750,-0.072804
58750,-0.32307
58750,-0.4232
58750,-0.10958
58750,0.33869
58750,0.44822
58750,0.23064
58750,0.083795
58750,0.10916
58750,0.2668
58750,0.25674
58750,-0.042618
58750,-0.40667
58750,-0.2938
58750,0.0084225
58750,0.11581
58750,-0.015421
58750,-0.23013
58750,-0.30941
58750,-0.17171
58750,-0.15806
58750,-0.36759
58750,-0.51455
58750,-0.27032
58750,0.14636
58750,0.30144
58750,0.083551
58750,-0.27953
58750,-0.16891
58750,0.25149
58750,0.39986
58750,0.17825
58750,-0.077743
58750,-0.082622
58750,0.10038
58750,0.3587
58750,0.30412
58750,-0.10043
58750,-0.4432
58750,-0.35582
58750,-0.036033
58750,0.34705
58750,0.63524
58750,0.55774
58750,0.29912
58750,0.18636
58750,0.33119
58750,0.63616
58750,0.77672
58750,0.60049
58750,0.12544
58750,-0.29691
58750,-0.37795
58750,-0.04829
58750,0.33144
58750,0.44376
58750,0.26338
58750,-0.24599
58750,-0.57803
58750,-0.47711
58750,-0.30337
58750,-0.29795
58750,-0.38259
58750,-0.39728
58750,-0.072011
58750,0.20832
58750,0.37748
58750,0.63677
58750,1.159
58750,1.357
58750,1.1264
58750,0.53774
58750,-0.25934
58750,-0.81671
58750,-0.96898
58750,-0.77305
58750,-0.61017
58750,-0.68273
58750,-1.0418
58750,-1.1644
58750,-0.95727
58750,-0.68548
58750,-0.6942
58750,-0.6795
58750,-0.47814
58750,-0.1422
58750,0.2132
58750,0.32754
58750,0.18094
58750,0.058183
58750,0.24625
58750,0.51536
58750,0.60677
58750,0.32741
58750,-0.030422
58750,-0.43997
58750,-0.4879
58750,-0.046521
58750,0.43389
58750,0.38358
58750,0.038547
58750,-0.098477
58750,0.12246
58750,0.50078
58750,0.59268
58750,0.32455
58750,-0.054388
58750,-0.13555
58750,0.0024464
58750,0.15862
58750,0.12801
58750,0.01757
58750,-0.019263
58750,0.084588
58750,0.19252
58750,0.30711
58750,0.5481
58750,0.49602
58750,0.42193
58750,0.31723
58750,0.19234
58750,0.24942
58750,0.17136
58750,-0.011884
58750,-0.32594
58750,-0.25581
58750,-0.090122
58750,-0.065669
58750,-0.24196
58750,-0.37435
58750,-0.33764
58750,-0.1247
58750,0.017875
58750,-0.026459
58750,-0.19958
58750,-0.33801
58750,-0.25989
58750,-0.079451
58750,0.077819
58750,0.076416
58750,0.060195
58750,0.12191
58750,0.16898
58750,0.042572
58750,-0.11573
58750,-0.041155
58750,0.097332
58750,0.10959
58750,0.0041538
58750,-0.014933
58750,0.2024
58750,0.50456
58750,0.67177
58750,0.56524
58750,0.36906
58750,0.20149
58750,0.1785
58750,0.3418
58750,0.51109
58750,0.4881
58750,0.46053
58750,0.47029
58750,0.26576
58750,0.048243
58750,-0.031459
58750,-0.02841
58750,-0.043228
58750,-0.19355
58750,-0.42594
58750,-0.61937
58750,-0.57657
58750,-0.58352
58750,-0.66035
58750,-0.71426
58750,-0.57901
58750,-0.4518
58750,-0.36643
58750,-0.24629
58750,-0.15202
58750,-0.030422
58750,0.026534
58750,0.040559
58750,-0.10134
58750,-0.29819
58750,-0.37344
58750,-0.21641
58750,-0.10207
58750,-0.24434
58750,-0.49827
58750,-0.59456
58750,-0.48436
58750,-0.3113
58750,-0.093598
58750,0.0078737
58750,0.17002
58750,0.37022
58750,0.54591
58750,0.61622
58750,0.57689
58750,0.55914
58750,0.4773
58750,0.48987
58750,0.36595
58750,0.17149
58750,0.19417
58750,0.32022
58750,0.31833
58750,0.12477
58750,-0.10775
58750,-0.18068
58750,-0.051949
58750,0.091661
58750,0.10953
58750,0.10624
58750,0.186
58750,0.25222
58750,0.21204
58750,0.10435
58750,-0.0077984
58750,0.012874
58750,0.21637
58750,0.221
58750,-0.010238
58750,-0.27617
58750,-0.25483
58750,-0.011274
58750,0.2618
58750,0.13758
58750,-0.26355
58750,-0.44332
58750,-0.22245
58750,-0.005786
58750,-0.0013954
58750,-0.034264
58750,-0.064328
58750,-0.06073
58750,0.022936
58750,0.067635
58750,0.079038
58750,0.16136
58750,0.31308
58750,0.45498
58750,0.50853
58750,0.38913
58750,0.3018
58750,0.36906
58750,0.50414
58750,0.55457
58750,0.41004
58750,0.082331
58750,-0.21507
58750,-0.1997
58750,-0.12061
58750,-0.064693
58750,-0.096708
58750,-0.18361
58750,-0.28081
58750,-0.1883
58750,-0.065852
58750,0.045682
58750,0.039889
58750,-0.032983
58750,-0.0025541
58750,0.12093
58750,-0.050851
58750,-0.20038
58750,-0.20751
58750,-0.1544
58750,-0.21123
58750,-0.31185
58750,-0.37009
58750,-0.37942
58750,-0.31563
58750,-0.44631
58750,-0.51711
58750,-0.23434
58750,0.1652
58750,0.12325
58750,-0.15244
58750,-0.33722
58750,-0.25611
58750,0.039889
58750,0.33833
58750,0.28534
58750,0.023668
58750,-0.040179
58750,0.0040319
58750,0.16075
58750,0.23899
58750,0.30022
58750,0.22771
58750,0.055744
58750,-0.072865
58750,-0.18879
58750,-0.081829
58750,-0.046094
58750,0.0031172
58750,-0.059754
58750,-0.048046
58750,0.099955
58750,0.27735
58750,0.1935
58750,-0.019263
58750,0.013545
58750,0.26235
58750,0.41114
58750,0.25222
58750,0.036474
58750,-0.010665
58750,0.17667
58750,0.40254
58750,0.44498
58750,0.21923
58750,-0.10067
58750,-0.18336
58750,-0.11262
58750,-0.017494
58750,0.068611
58750,-0.0023711
58750,-0.14409
58750,-0.14848
58750,0.05117
58750,0.23436
58750,0.30265
58750,0.18429
58750,0.050987
58750,0.094466
58750,0.20472
58750,0.1502
58750,-0.12183
58750,-0.27136
58750,-0.27203
58750,-0.15049
58750,-0.10305
58750,-0.16574
58750,-0.25751
58750,-0.30959
58750,-0.16117
58750,0.021594
58750,0.043913
58750,-0.044814
58750,-0.077621
58750,0.025863
58750,0.2082
58750,0.25857
58750,0.09654
58750,-0.047436
58750,0.055622
58750,0.18905
58750,0.27454
58750,0.19155
58750,-0.043045
58750,-0.085793
58750,0.031351
58750,0.16222
58750,0.17191
58750,0.12813
58750,0.053792
58750,0.0916
58750,0.28826
58750,0.32607
58750,0.13118
58750,0.033547
58750,0.083856
58750,0.036901
58750,-0.038655
58750,-0.095184
58750,-0.1261
58750,-0.17178
58750,-0.15958
58750,-0.31862
58750,-0.52199
58750,-0.60992
58750,-0.60669
58750,-0.53668
58750,-0.42631
58750,-0.42418
58750,-0.46278
58750,-0.36179
58750,-0.16879
58750,-0.020117
58750,0.083124
58750,0.094344
58750,0.0083005
58750,-0.038777
58750,0.020619
58750,0.069037
58750,0.068854
58750,0.10861
58750,0.11038
58750,0.086539
58750,0.18124
58750,0.30418
58750,0.28936
58750,0.34754
58750,0.42004
58750,0.45755
58750,0.5195
58750,0.47572
58750,0.23832
58750,0.046231
58750,0.12941
58750,0.27534
58750,0.25265
58750,0.013789
58750,-0.35112
58750,-0.49821
58750,-0.36319
58750,-0.16928
58750,-0.12513
58750,-0.18739
58750,-0.19501
58750,-0.20599
58750,-0.20007
58750,-0.095306
58750,0.019521
58750,0.12557
58750,0.16673
58750,0.091478
58750,0.044096
58750,0.15905
58750,0.32485
58750,0.31259
58750,0.16758
58750,0.038486
58750,0.033547
58750,0.07855
58750,0.057573
58750,-0.020787
58750,-0.024873
58750,0.077148
58750,0.10172
58750,0.014216
58750,-0.042557
58750,-0.021397
58750,0.10489
58750,0.27046
58750,0.24741
58750,-0.0010295
58750,-0.15903
58750,-0.10811
58750,-0.0030419
58750,0.029766
58750,-0.10476
58750,-0.3274
58750,-0.36588
58750,-0.19922
58750,-0.0825
58750,-0.12531
58750,-0.26099
58750,-0.36856
58750,-0.32667
58750,-0.1755
58750,-0.16531
58750,-0.30069
58750,-0.30935
58750,-0.11531
58750,0.1327
58750,0.19557
58750,0.055378
58750,-0.084512
58750,-0.0087741
58750,0.18667
58750,0.26692
58750,0.27826
58750,0.22411
58750,0.15996
58750,0.10611
58750,0.36626
58750,0.6186
58750,0.50853
58750,0.20496
58750,-0.069999
58750,-0.05762
58750,0.13295
58750,0.12977
58750,-0.050424
58750,-0.19019
58750,-0.26636
58750,-0.25971
58750,-0.15214
58750,-0.03463
58750,0.026717
58750,-0.0056641
58750,-0.091952
58750,0.031168
58750,0.21301
58750,0.15703
58750,0.029766
58750,0.074953
58750,0.21314
58750,0.3165
58750,0.34821
58750,0.23192
58750,0.15161
58750,0.1988
58750,0.2057
58750,0.095137
58750,-0.13946
58750,-0.34527
58750,-0.32026
58750,-0.097989
58750,0.18399
58750,0.36248
58750,0.22661
58750,0.013057
58750,-0.082683
58750,-0.033288
58750,0.018728
58750,0.05117
58750,0.060866
58750,-0.069267
58750,-0.070487
58750,0.060134
58750,0.046109
58750,-0.072377
58750,0.0091543
58750,0.10313
58750,0.064769
58750,-0.091464
58750,-0.21574
58750,-0.25819
58750,-0.19361
58750,-0.14537
58750,-0.22885
58750,-0.3213
58750,-0.29746
58750,-0.19934
58750,-0.10671
58750,-0.12006
58750,-0.2355
58750,-0.16458
58750,0.11069
58750,0.02068
58750,-0.33941
58750,-0.35679
58750,0.0052515
58750,0.43614
58750,0.61872
58750,0.57048
58750,0.48944
58750,0.44315
58750,0.4795
58750,0.53511
58750,0.49743
58750,0.38486
58750,0.24613
58750,0.1849
58750,0.038181
58750,-0.12708
58750,-0.3427
58750,-0.35191
58750,-0.1686
58750,-0.027739
58750,-0.064267
58750,-0.24867
58750,-0.45534
58750,-0.44784
58750,-0.19531
58750,-0.0084082
58750,0.0097641
58750,0.04867
58750,0.19362
58750,0.24241
58750,0.17868
58750,0.078733
58750,0.074221
58750,0.18825
58750,0.18783
58750,0.011898
58750,-0.10201
58750,-0.047253
58750,-0.0034688
58750,0.051536
58750,0.20801
58750,0.3304
58750,0.35967
58750,0.30772
58750,0.073672
58750,-0.15745
58750,-0.034508
58750,0.29302
58750,0.33351
58750,0.11477
58750,-0.092257
58750,-0.075609
58750,0.14892
58750,0.26582
58750,0.079892
58750,-0.085854
58750,-0.084451
58750,-0.043472
58750,0.095381
58750,0.19496
58750,0.16069
58750,0.03001
58750,-0.013714
58750,-0.093476
58750,-0.077865
58750,0.040437
58750,0.054036
58750,0.06483
58750,0.041352
58750,-0.2044
58750,-0.34832
58750,-0.2158
58750,0.0072029
58750,0.039706
58750,-0.041155
58750,-0.12317
58750,-0.035911
58750,0.1996
58750,0.37248
58750,0.34821
58750,0.19423
58750,0.16441
58750,0.24045
58750,0.32693
58750,0.40461
58750,0.40858
58750,0.36943
58750,0.22344
58750,0.054707
58750,-0.14793
58750,-0.44588
58750,-0.67164
58750,-0.5329
58750,-0.14555
58750,-0.029508
58750,-0.24837
58750,-0.55949
58750,-0.70237
58750,-0.48711
58750,0.0017756
58750,0.14642
58750,-0.02963
58750,-0.22172
58750,-0.13183
58750,0.161
58750,0.31949
58750,0.25289
58750,0.13667
58750,0.11965
58750,0.10971
58750,0.0056174
58750,-0.12208
58750,-0.10604
58750,0.15679
58750,0.37339
58750,0.21143
58750,-0.097745
58750,-0.13726
58750,0.14953
58750,0.44017
58750,0.50157
58750,0.19008
58750,-0.21025
58750,-0.29307
58750,-0.16074
58750,-0.093476
58750,-0.077012
58750,0.026961
58750,0.20228
58750,0.30253
58750,0.35406
58750,0.29741
58750,0.27003
58750,0.29759
58750,0.23814
58750,0.074404
58750,-0.17769
58750,-0.53833
58750,-0.47888
58750,-0.11189
58750,0.12063
58750,-0.11061
58750,-0.56358
58750,-0.74323
58750,-0.45491
58750,0.033669
58750,0.20856
58750,0.1105
58750,-0.051461
58750,-0.059815
58750,0.14471
58750,0.4362
58750,0.51578
58750,0.40248
58750,0.31741
58750,0.34113
58750,0.36327
58750,0.21789
58750,0.085319
58750,0.019582
58750,-0.12732
58750,-0.29087
58750,-0.24105
58750,-0.093476
58750,-0.0070057
58750,-0.07195
58750,-0.24184
58750,-0.31197
58750,-0.24056
58750,-0.19733
58750,-0.21568
58750,-0.15379
58750,-0.17202
58750,-0.15043
58750,-0.13891
58750,-0.12628
58750,-0.16007
58750,-0.19275
58750,-0.11409
58750,-0.02902
58750,-0.063108
58750,-0.098477
58750,-0.06634
58750,-0.018043
58750,0.066171
58750,0.19143
58750,0.2693
58750,0.22661
58750,0.12233
58750,0.064708
58750,0.13423
58750,0.3715
58750,0.4917
58750,0.45352
58750,0.22576
58750,-0.061279
58750,-0.16629
58750,0.080807
58750,0.33583
58750,0.26924
58750,0.019765
58750,-0.19586
58750,-0.22428
58750,-0.077438
58750,0.090015
58750,0.14734
58750,0.041657
58750,-0.05018
58750,0.03068
58750,0.19545
58750,0.21637
58750,0.14557
58750,0.11532
58750,0.10313
58750,0.056902
58750,0.033303
58750,0.034644
58750,0.016655
58750,-0.074024
58750,-0.12086
58750,-0.069084
58750,0.055195
58750,0.12252
58750,0.16734
58750,0.076538
58750,0.09404
58750,0.29308
58750,0.46529
58750,0.37809
58750,0.21265
58750,0.12605
58750,0.089222
58750,0.16411
58750,0.15057
58750,-0.0051152
58750,-0.14263
58750,-0.086951
58750,-0.077377
58750,-0.28715
58750,-0.39186
58750,-0.3932
58750,-0.33551
58750,-0.28557
58750,-0.1133
58750,0.067208
58750,0.23539
58750,0.22692
58750,0.078124
58750,0.023973
58750,0.12721
58750,0.20807
58750,0.17527
58750,-0.013287
58750,-0.27599
58750,-0.34978
58750,-0.18696
58750,0.055378
58750,0.16173
58750,0.047389
58750,-0.06323
58750,0.02818
58750,0.23795
58750,0.31735
58750,0.25003
58750,0.25753
58750,0.32357
58750,0.20161
58750,-0.022007
58750,-0.13464
58750,-0.11098
58750,0.0024464
58750,0.080502
58750,-0.080061
58750,-0.32923
58750,-0.50644
58750,-0.4493
58750,-0.26428
58750,-0.20214
58750,-0.29587
58750,-0.37789
58750,-0.19934
58750,0.073977
58750,0.19661
58750,0.090869
58750,-0.072987
58750,-0.083415
58750,-0.022434
58750,-0.010665
58750,-0.076646
58750,-0.16007
58750,-0.20001
58750,-0.18257
58750,-0.051461
58750,0.092576
58750,0.16386
58750,0.22911
58750,0.26436
58750,0.26119
58750,0.25277
58750,0.32735
58750,0.50151
58750,0.60158
58750,0.49413
58750,0.26905
58750,0.098979
58750,0.0030562
58750,0.032754
58750,0.046475
58750,-0.093842
58750,-0.3027
58750,-0.39057
58750,-0.33838
58750,-0.19031
58750,-0.14049
58750,-0.17171
58750,-0.11933
58750,0.045133
58750,0.21015
58750,0.24515
58750,0.12264
58750,-0.014689
58750,0.013728
58750,0.060378
58750,-0.0024321
58750,-0.16653
58750,-0.18464
58750,-0.097623
58750,0.00092185
58750,-0.0017613
58750,-0.087073
58750,-0.18544
58750,-0.10336
58750,0.10788
58750,0.26424
58750,0.33119
58750,0.3243
58750,0.23966
58750,0.19332
58750,0.13557
58750,0.068611
58750,0.17319
58750,0.33973
58750,0.27399
58750,-0.036398
58750,-0.26038
58750,-0.28794
58750,-0.13232
58750,-0.0013954
58750,-0.0064568
58750,-0.16836
58750,-0.32484
58750,-0.32374
58750,-0.10921
58750,0.18289
58750,0.27814
58750,0.1502
58750,-0.092013
58750,-0.1711
58750,-0.12092
58750,-0.061949
58750,-0.11378
58750,-0.13915
58750,-0.1722
58750,-0.20995
58750,-0.26508
58750,-0.17562
58750,0.077026
58750,0.24064
58750,0.096601
58750,-0.11214
58750,-0.1322
58750,0.024582
58750,0.27845
58750,0.43114
58750,0.31516
58750,0.0065321
58750,-0.042375
58750,0.082697
58750,0.21283
58750,0.25344
58750,0.096113
58750,-0.13165
58750,-0.23946
58750,-0.17525
58750,-0.0228
58750,0.10849
58750,-0.041155
58750,-0.28996
58750,-0.27361
58750,-0.048046
58750,0.13502
58750,0.19533
58750,0.14758
58750,0.059707
58750,-0.0087131
58750,0.064952
58750,0.11435
58750,-0.0079813
58750,-0.16891
58750,-0.22398
58750,-0.13348
58750,0.047206
58750,0.22887
58750,0.24491
58750,0.16831
58750,0.055927
58750,-0.039386
58750,0.1252
58750,0.42114
58750,0.52389
58750,0.39846
58750,0.16581
58750,0.059829
58750,0.063366
58750,0.10416
58750,0.11447
58750,0.15008
58750,0.15032
58750,-0.099696
58750,-0.40661
58750,-0.44399
58750,-0.089147
58750,0.31009
58750,0.34034
58750,-0.033288
58750,-0.41161
58750,-0.3077
58750,0.10776
58750,0.32235
58750,0.15892
58750,-0.28337
58750,-0.63011
58750,-0.53144
58750,-0.030178
58750,0.2174
58750,-0.0228
58750,-0.32978
58750,-0.27221
58750,0.0030562
58750,0.14197
58750,0.023668
58750,0.014094
58750,0.13654
58750,0.28662
58750,0.19874
58750,0.091539
58750,0.075014
58750,0.23186
58750,0.46389
58750,0.47926
58750,0.19039
58750,-0.061462
58750,0.031351
58750,0.3318
58750,0.40279
58750,-0.06695
58750,-0.59157
58750,-0.50485
58750,0.056048
58750,0.41846
58750,0.24253
58750,-0.15653
58750,-0.31307
58750,-0.12098
58750,0.13831
58750,0.28735
58750,0.21868
58750,-0.10903
58750,-0.47668
58750,-0.46772
58750,-0.25355
58750,-0.18007
58750,-0.2555
58750,-0.35838
58750,-0.40088
58750,-0.36844
58750,-0.27758
58750,-0.17281
58750,-0.016946
58750,0.20252
58750,0.33302
58750,0.38724
58750,0.38144
58750,0.14917
58750,-0.10653
58750,0.010801
58750,0.23997
58750,0.34162
58750,0.24058
58750,-0.027495
58750,-0.15702
58750,0.0062272
58750,0.19435
58750,0.10075
58750,-0.18306
58750,-0.38521
58750,-0.31039
58750,0.009886
58750,0.30528
58750,0.35949
58750,0.22015
58750,0.17344
58750,0.1091
58750,0.029278
58750,0.052695
58750,0.10959
58750,-0.017982
58750,-0.31624
58750,-0.41332
58750,-0.40112
58750,-0.36673
58750,-0.13696
58750,0.078063
58750,0.073245
58750,-0.011274
58750,0.074831
58750,0.28015
58750,0.3254
58750,0.13246
58750,-0.17135
58750,-0.29087
58750,-0.13641
58750,0.13325
58750,0.29863
58750,0.29894
58750,0.20271
58750,0.17313
58750,0.23893
58750,0.13075
58750,-0.085427
58750,-0.25599
58750,-0.22404
58750,-0.015848
58750,0.12721
58750,0.18655
58750,0.16368
58750,0.11435
58750,0.093979
58750,0.12581
58750,0.093735
58750,-0.029142
58750,-0.30337
58750,-0.44326
58750,-0.2849
58750,-0.027617
58750,0.010618
58750,-0.14293
58750,-0.27428
58750,-0.27526
58750,-0.099879
58750,0.1663
58750,0.23783
58750,0.14179
58750,-0.048656
58750,-0.086159
58750,0.096967
58750,0.36126
58750,0.30955
58750,0.0091543
58750,-0.15806
58750,0.11471
58750,0.47444
58750,0.57811
58750,0.31851
58750,-0.074816
58750,-0.16147
58750,0.051475
58750,0.19161
58750,0.096052
58750,-0.061888
58750,-0.10281
58750,-0.042192
58750,-0.19129
58750,-0.35088
58750,-0.2613
58750,0.11239
58750,0.43139
58750,0.4512
58750,0.021046
58750,-0.42186
58750,-0.49058
58750,-0.17891
58750,0.080868
58750,-0.14574
58750,-0.52394
58750,-0.46308
58750,-0.0075545
58750,0.37705
58750,0.39943
58750,0.12252
58750,-0.17568
58750,-0.18501
58750,-0.0012125
58750,0.073245
58750,0.12977
58750,0.29857
58750,0.37053
58750,0.32979
58750,0.36742
58750,0.53036
58750,0.47462
58750,0.26247
58750,-0.062559
58750,-0.3199
58750,-0.43814
58750,-0.35307
58750,-0.11848
58750,-0.038716
58750,-0.1139
58750,-0.14098
58750,0.14654
58750,0.43035
58750,0.34296
58750,-0.069877
58750,-0.24373
58750,-0.11256
58750,0.039584
58750,-0.14348
58750,-0.54388
58750,-0.65926
58750,-0.16049
58750,0.33991
58750,0.38474
58750,0.201
58750,0.1738
58750,0.25021
58750,0.31509
58750,0.23789
58750,-0.067316
58750,-0.30514
58750,-0.16238
58750,0.32333
58750,0.56463
58750,0.25863
58750,0.13453
58750,0.42132
58750,0.78227
58750,0.38534
58750,-0.43881
58750,-1.0975
58750,-0.6681
58750,0.051231
58750,0.1105
58750,-0.31551
58750,-0.44125
58750,-0.040118
58750,0.4595
58750,0.74275
58750,0.52542
58750,0.033791
58750,-0.31258
58750,-0.28922
58750,-0.11067
58750,-0.024324
58750,0.030132
58750,0.07666
58750,0.013362
58750,-0.16562
58750,-0.25386
58750,-0.058656
58750,0.20277
58750,0.19258
58750,-0.067194
58750,-0.23507
58750,-0.13183
58750,0.074099
58750,0.14709
58750,0.065196
58750,-0.10067
58750,-0.025178
58750,0.3515
58750,0.98619
58750,1.0006
58750,0.24039
58750,-0.68237
58750,-0.6481
58750,0.12294
58750,0.40565
58750,-0.10659
58750,-0.72371
58750,-0.68139
58750,-0.22556
58750,0.067818
58750,-0.045424
58750,-0.1572
58750,-0.1158
58750,0.18149
58750,0.24155
58750,-0.056461
58750,-0.41905
58750,-0.48211
58750,-0.1636
58750,0.20417
58750,0.37376
58750,0.16758
58750,-0.08689
58750,-0.054693
58750,0.11459
58750,0.24997
58750,0.18752
58750,0.24314
58750,0.25222
58750,0.044157
58750,-0.29136
58750,-0.36423
58750,-0.11293
58750,0.35217
58750,0.55383
58750,0.43797
58750,0.19118
58750,0.065196
58750,0.11172
58750,0.23741
58750,0.27271
58750,0.19765
58750,-0.042618
58750,-0.12427
58750,-0.15976
58750,-0.10098
58750,-0.14897
58750,-0.15031
58750,-0.065974
58750,-0.19367
58750,-0.3427
58750,-0.24166
58750,0.03812
58750,0.206
58750,0.10002
58750,-0.25434
58750,-0.46156
58750,-0.50107
58750,-0.28105
58750,0.052695
58750,0.29314
58750,0.21283
58750,0.067086
58750,-0.079512
58750,-0.17885
58750,-0.10598
58750,-0.024751
58750,-0.039508
58750,0.047877
58750,0.13758
58750,0.18417
58750,0.2021
58750,0.24777
58750,0.20502
58750,0.12679
58750,0.099467
58750,0.023058
58750,-0.013592
58750,0.071904
58750,0.1974
58750,0.18704
58750,0.26576
58750,0.41882
58750,0.40077
58750,0.16441
58750,0.028424
58750,0.032815
58750,0.015618
58750,-0.073475
58750,-0.26239
58750,-0.37777
58750,-0.27794
58750,-0.20666
58750,-0.1522
58750,-0.086342
58750,-0.13525
58750,-0.18373
58750,-0.17976
58750,-0.23099
58750,-0.18855
58750,-0.081219
58750,-0.15763
58750,-0.33539
58750,-0.28233
58750,-0.01969
58750,0.090137
58750,0.094954
58750,0.12654
58750,0.08288
58750,-0.0076155
58750,-0.0040786
58750,0.031046
58750,-0.087805
58750,-0.15062
58750,-0.053534
58750,0.092454
58750,0.16618
58750,0.074221
58750,-0.0054811
58750,-0.038289
58750,0.069342
58750,0.22368
58750,0.27466
58750,0.21643
58750,0.17557
58750,0.22911
58750,0.25607
58750,0.26222
58750,0.2271
58750,0.19941
58750,0.10355
58750,0.071111
58750,0.088124
58750,0.10453
58750,-0.042679
58750,-0.27367
58750,-0.21769
58750,-0.05579
58750,-0.042862
58750,-0.20269
58750,-0.34222
58750,-0.25465
58750,-0.026093
58750,0.048609
58750,-0.1422
58750,-0.26813
58750,-0.11823
58750,0.087576
58750,0.029644
58750,-0.054022
58750,-0.024141
58750,0.21551
58750,0.4784
58750,0.4909
58750,0.0070199
58750,-0.47296
58750,-0.38557
58750,-0.020848
58750,0.33747
58750,0.39961
58750,0.10026
58750,-0.20361
58750,-0.1972
58750,-0.018592
58750,0.090503
58750,0.041901
58750,-0.10098
58750,-0.079878
58750,0.23527
58750,0.50377
58750,0.51328
58750,0.31753
58750,0.04684
58750,-0.10031
58750,0.034705
58750,0.13337
58750,-0.0047494
58750,-0.069755
58750,0.10739
58750,0.2596
58750,0.17222
58750,-0.0035907
58750,-0.28111
58750,-0.30124
58750,-0.058595
58750,0.15514
58750,0.14209
58750,0.058488
58750,-0.045789
58750,-0.25392
58750,-0.29831
58750,-0.073963
58750,0.23716
58750,0.22442
58750,-0.020909
58750,-0.33405
58750,-0.3588
58750,-0.098965
58750,-0.0019442
58750,-0.15055
58750,-0.22154
58750,-0.13263
58750,-0.02652
58750,0.039706
58750,0.055256
58750,0.039096
58750,0.11648
58750,0.064891
58750,-0.15171
58750,-0.19092
58750,-0.070914
58750,0.055683
58750,0.12227
58750,0.17612
58750,0.21777
58750,0.14374
58750,0.028729
58750,0.02446
58750,0.066781
58750,0.10813
58750,0.1946
58750,0.19856
58750,0.049097
58750,-0.0046274
58750,-0.037984
58750,-0.077134
58750,0.050926
58750,0.16856
58750,0.058122
58750,-0.036886
58750,-0.0010905
58750,0.059585
58750,0.13776
58750,0.13941
58750,-0.055851
58750,-0.13006
58750,-0.071706
58750,-0.035179
58750,-0.023105
58750,-0.058169
58750,-0.12128
58750,-0.058351
58750,0.099589
58750,0.048914
58750,-0.15555
58750,-0.30971
58750,-0.2477
58750,-0.10525
58750,-0.044326
58750,0.00086087
58750,0.039462
58750,0.053121
58750,0.15648
58750,0.29967
58750,0.22564
58750,0.015313
58750,-0.0088961
58750,0.11764
58750,0.19393
58750,0.057878
58750,-0.19214
58750,-0.2841
58750,-0.18513
58750,-0.084756
58750,0.014947
58750,0.01635
58750,-0.0048713
58750,0.10825
58750,0.32388
58750,0.35729
58750,0.2235
58750,0.11618
58750,-0.022739
58750,-0.13311
58750,-0.034447
58750,0.1963
58750,0.21936
58750,0.14886
58750,0.1152
58750,0.029644
58750,0.018545
58750,0.07355
58750,-0.046826
58750,-0.16635
58750,-0.12653
58750,-0.0050543
58750,0.050743
58750,0.017509
58750,-0.11092
58750,-0.18855
58750,-0.13476
58750,-0.070304
58750,-0.076402
58750,-0.21635
58750,-0.3599
58750,-0.35143
58750,-0.10287
58750,0.0079346
58750,-0.10829
58750,-0.248
58750,-0.16781
58750,-0.072011
58750,0.015923
58750,0.12563
58750,0.13234
58750,0.051292
58750,-0.0081033
58750,0.040925
58750,0.12843
58750,0.17844
58750,0.10813
58750,0.0087884
58750,0.020619
58750,0.088124
58750,0.2074
58750,0.27034
58750,0.26082
58750,0.22631
58750,0.1938
58750,0.12929
58750,0.14984
58750,0.15057
58750,0.029339
58750,0.044523
58750,0.10374
58750,0.089344
58750,0.011411
58750,-0.077865
58750,0.060805
58750,0.13392
58750,-0.095245
58750,-0.35063
58750,-0.27264
58750,-0.12269
58750,-0.12092
58750,-0.13787
58750,-0.19653
58750,-0.23245
58750,-0.10775
58750,-0.13476
58750,-0.24501
58750,-0.12189
58750,0.043669
58750,-0.0087131
58750,-0.13013
58750,-0.20751
58750,-0.2605
58750,-0.16751
58750,-0.018409
58750,0.040133
58750,0.14697
58750,0.33321
58750,0.49657
58750,0.54066
58750,0.33766
58750,0.039767
58750,-0.10933
58750,0.12697
58750,0.26808
58750,0.1588
58750,0.015069
58750,-0.026763
58750,0.069464
58750,0.23783
58750,0.29235
58750,0.14356
58750,0.021289
58750,0.17075
58750,0.21637
58750,0.19722
58750,-0.015543
58750,-0.29801
58750,-0.3585
58750,-0.066828
58750,0.18636
58750,0.11063
58750,-0.16104
58750,-0.18336
58750,0.029827
58750,0.24021
58750,0.12648
58750,-0.062254
58750,-0.1097
58750,-0.071706
58750,0.011715
58750,0.10087
58750,0.14545
58750,0.12709
58750,0.16246
58750,0.27131
58750,0.099589
58750,-0.24434
58750,-0.24599
58750,0.098308
58750,0.34126
58750,0.18088
58750,-0.21471
58750,-0.55449
58750,-0.47479
58750,-0.050668
58750,0.24021
58750,0.27967
58750,0.23234
58750,0.060988
58750,0.044767
58750,0.088429
58750,0.036962
58750,-0.022007
58750,-0.059266
58750,-0.070914
58750,-0.19452
58750,-0.29337
58750,-0.2577
58750,-0.041277
58750,0.099162
58750,0.18624
58750,0.021899
58750,-0.10622
58750,0.086234
58750,0.25174
58750,0.11002
58750,-0.0023711
58750,0.058854
58750,0.27149
58750,0.52517
58750,0.51499
58750,0.16179
58750,-0.09994
58750,-0.0057251
58750,0.28893
58750,0.46682
58750,0.32382
58750,0.010069
58750,-0.16507
58750,-0.04896
58750,0.032571
58750,0.02007
58750,0.042206
58750,0.042084
58750,0.13124
58750,0.019826
58750,-0.11323
58750,-0.2777
58750,-0.25404
58750,-0.038106
58750,0.054768
58750,-0.16293
58750,-0.37673
58750,-0.34801
58750,-0.19684
58750,-0.14677
58750,-0.29038
58750,-0.22818
58750,-0.0052372
58750,0.19301
58750,0.18136
58750,-0.0062739
58750,-0.10854
58750,-0.0036517
58750,0.10849
58750,0.24485
58750,0.29686
58750,0.13886
58750,0.0089103
58750,0.12301
58750,0.14606
58750,0.11874
58750,0.15234
58750,0.058183
58750,0.19984
58750,0.47822
58750,0.38815
58750,0.28881
58750,0.39705
58750,0.47425
58750,0.28162
58750,0.23991
58750,0.16667
58750,-0.089208
58750,-0.23946
58750,-0.16995
58750,-0.11482
58750,-0.1844
58750,-0.27989
58750,-0.37649
58750,-0.3385
58750,-0.11519
58750,0.019033
58750,-0.0065788
58750,-0.079939
58750,-0.16763
58750,-0.21696
58750,-0.10281
58750,-0.11634
58750,-0.19769
58750,-0.15336
58750,-0.066889
58750,-0.031337
58750,0.056414
58750,0.04245
58750,-0.21111
58750,-0.31618
58750,-0.25349
58750,-0.21599
58750,-0.14555
58750,0.018179
58750,0.030863
58750,-0.018714
58750,0.014764
58750,0.15295
58750,0.2038
58750,0.29906
58750,0.40248
58750,0.54737
58750,0.50962
58750,0.2982
58750,0.22801
58750,0.29735
58750,0.31009
58750,0.16892
58750,-0.11226
58750,-0.36069
58750,-0.41875
58750,-0.44875
58750,-0.41564
58750,-0.029995
58750,0.34321
58750,0.51529
58750,0.36547
58750,0.080136
58750,-0.087134
58750,-0.12836
58750,-0.01475
58750,0.18899
58750,0.43474
58750,0.34888
58750,0.1177
58750,-0.047619
58750,-0.10647
58750,-0.14598
58750,-0.16293
58750,-0.30734
58750,-0.56053
58750,-0.5887
58750,-0.27172
58750,0.045621
58750,0.078185
58750,-0.13507
58750,-0.29563
58750,-0.20897
58750,0.055622
58750,0.27692
58750,0.24966
58750,0.25332
58750,0.38443
58750,0.40931
58750,0.2896
58750,0.10069
58750,0.017387
58750,0.011106
58750,0.053121
58750,0.047816
58750,0.056109
58750,0.072208
58750,0.04928
58750,0.010557
58750,0.055744
58750,0.10642
58750,0.12203
58750,0.17575
58750,0.29558
58750,0.30723
58750,0.14612
58750,0.0070199
58750,-0.0054202
58750,0.11666
58750,0.1713
58750,0.017753
58750,-0.15677
58750,-0.050363
58750,0.17106
58750,0.21606
58750,0.14642
58750,-0.055363
58750,-0.19745
58750,-0.25367
58750,-0.20904
58750,-0.14921
58750,-0.053839
58750,0.067391
58750,0.049585
58750,-0.097196
58750,-0.28264
58750,-0.34338
58750,-0.22227
58750,-0.044814
58750,0.032144
58750,0.025253
58750,-0.052375
58750,-0.077073
58750,-0.030849
58750,0.064281
58750,0.10685
58750,0.033791
58750,-0.03652
58750,0.0053125
58750,0.026107
58750,0.043243
58750,0.092149
58750,0.095991
58750,0.019582
58750,-0.04518
58750,-0.10128
58750,-0.13372
58750,-0.028898
58750,0.01635
58750,0.016167
58750,0.076477
58750,0.20082
58750,0.19582
58750,0.12477
58750,0.019826
58750,-0.049265
58750,0.00079989
58750,0.23399
58750,0.39614
58750,0.31503
58750,0.10648
58750,-0.0014564
58750,0.13063
58750,0.32546
58750,0.27845
58750,0.01263
58750,-0.22824
58750,-0.18812
58750,-0.038411
58750,0.058488
58750,0.063854
58750,0.045682
58750,0.020497
58750,-0.08683
58750,-0.23044
58750,-0.17263
58750,0.069525
58750,0.24192
58750,0.21704
58750,-0.01286
58750,-0.26532
58750,-0.3599
58750,-0.18964
58750,-0.031276
58750,-0.057376
58750,-0.2391
58750,-0.33764
58750,-0.17196
58750,0.091844
58750,0.17935
58750,0.077819
58750,-0.075182
58750,-0.10787
58750,0.044157
58750,0.2421
58750,0.24911
58750,0.22368
58750,0.24576
58750,0.26393
58750,0.15417
58750,-0.0088351
58750,-0.098294
58750,-0.10183
58750,-0.021275
58750,0.16087
58750,0.21289
58750,0.092149
58750,0.075684
58750,0.19795
58750,0.1938
58750,0.16447
58750,0.15039
58750,0.11008
58750,0.12788
58750,0.18295
58750,0.22747
58750,0.22716
58750,0.17216
58750,0.0092152
58750,-0.15537
58750,-0.19129
58750,-0.13696
58750,-0.1908
58750,-0.30087
58750,-0.39082
58750,-0.32289
58750,-0.16214
58750,-0.10342
58750,-0.17775
58750,-0.27459
58750,-0.32252
58750,-0.21666
58750,0.0072029
58750,0.12191
58750,-0.011884
58750,-0.14043
58750,-0.12189
58750,-0.01475
58750,0.076233
58750,0.11142
58750,0.080868
58750,0.0079346
58750,-0.024202
58750,-0.07006
58750,-0.099818
58750,-0.10006
58750,0.030924
58750,0.19661
58750,0.30217
58750,0.35656
58750,0.33863
58750,0.28564
58750,0.11386
58750,-0.15031
58750,-0.19897
58750,0.078246
58750,0.31442
58750,0.15624
58750,-0.1686
58750,-0.30368
58750,-0.22178
58750,-0.021458
58750,0.054158
58750,-0.0012125
58750,0.064769
58750,0.22801
58750,0.14471
58750,-0.098355
58750,-0.03091
58750,0.11477
58750,0.26899
58750,0.22631
58750,-0.074267
58750,-0.33612
58750,-0.32819
58750,-0.11378
58750,0.018911
58750,-0.091464
58750,-0.32581
58750,-0.44881
58750,-0.19257
58750,0.10288
58750,0.20301
58750,0.17338
58750,0.15911
58750,0.15575
58750,0.15106
58750,0.221
58750,0.27015
58750,0.22003
58750,0.14392
58750,0.022082
58750,-0.094086
58750,-0.084756
58750,-0.010421
58750,0.072513
58750,0.1399
58750,0.056109
58750,-0.084268
58750,-0.088293
58750,0.044523
58750,0.0605
58750,0.014643
58750,0.095869
58750,0.15795
58750,0.098186
58750,-0.085
58750,-0.13183
58750,0.031534
58750,0.2707
58750,0.20929
58750,-0.19446
58750,-0.49741
58750,-0.35813
58750,0.083734
58750,0.43023
58750,0.40529
58750,0.046596
58750,-0.22666
58750,-0.22678
58750,0.087149
58750,0.54286
58750,0.64793
58750,0.23033
58750,-0.29136
58750,-0.39301
58750,-0.14
58750,0.15246
58750,0.16264
58750,-0.17897
58750,-0.48394
58750,-0.45156
58750,-0.19275
58750,0.10294
58750,0.16496
58750,-0.034752
58750,-0.18751
58750,-0.059144
58750,0.11715
58750,0.092271
58750,-0.082073
58750,-0.17397
58750,-0.16391
58750,-0.15665
58750,-0.19995
58750,-0.24379
58750,-0.18226
58750,-0.1422
58750,-0.089513
58750,-0.023958
58750,0.034766
58750,-0.097745
58750,-0.14854
58750,0.050865
58750,0.27302
58750,0.26729
58750,0.16655
58750,0.18966
58750,0.42608
58750,0.51292
58750,0.34412
58750,0.1574
58750,0.14404
58750,0.11916
58750,0.08166
58750,0.07477
58750,0.051841
58750,0.0087274
58750,0.038242
58750,0.086173
58750,0.025375
58750,0.073855
58750,0.16917
58750,0.15093
58750,0.044523
58750,-0.081097
58750,-0.32039
58750,-0.31551
58750,0.027205
58750,0.156
58750,-0.09994
58750,-0.316
58750,-0.34966
58750,-0.24605
58750,-0.14683
58750,-0.19086
58750,-0.36734
58750,-0.40533
58750,-0.38368
58750,-0.28191
58750,-0.096525
58750,0.060439
58750,0.16209
58750,0.40833
58750,0.6514
58750,0.41541
58750,-0.11262
58750,-0.39094
58750,-0.15238
58750,0.39407
58750,0.70616
58750,0.43273
58750,-0.17879
58750,-0.38051
58750,-0.0048713
58750,0.34577
58750,0.44779
58750,0.39839
58750,0.23411
58750,-0.072804
58750,-0.11525
58750,-0.065242
58750,-0.065913
58750,-0.00066365
58750,0.15081
58750,0.18813
58750,0.11691
58750,0.085502
58750,0.064647
58750,0.0078737
58750,-0.18495
58750,-0.34252
58750,-0.11067
58750,0.12892
58750,0.10337
58750,-0.072621
58750,-0.13939
58750,-0.08311
58750,0.1535
58750,0.33583
58750,0.21076
58750,-0.1075
58750,-0.19995
58750,-0.13086
58750,-0.14122
58750,-0.16708
58750,-0.16757
58750,-0.15123
58750,-0.092135
58750,-0.020056
58750,-0.15342
58750,-0.15305
58750,0.14368
58750,0.34455
58750,0.19204
58750,-0.13476
58750,-0.38588
58750,-0.1808
58750,0.19283
58750,0.13721
58750,-0.21007
58750,-0.40905
58750,-0.1622
58750,0.39083
58750,0.65708
58750,0.25997
58750,-0.68938
58750,-1.051
58750,-0.20428
58750,0.75038
58750,0.76483
58750,-0.014628
58750,-0.69548
58750,-0.539
58750,0.40699
58750,1.063
58750,0.83746
58750,0.23765
58750,-0.11348
58750,-0.1125
58750,0.13484
58750,0.50371
58750,0.53243
58750,0.22875
58750,-0.16306
58750,-0.2827
58750,-0.10134
58750,0.23027
58750,0.47175
58750,0.2496
58750,-0.24251
58750,-0.40802
58750,-0.1494
58750,0.071294
58750,0.070806
58750,-0.13635
58750,-0.36137
58750,-0.42161
58750,-0.33709
58750,-0.18598
58750,-0.073902
58750,-0.04024
58750,-0.25001
58750,-0.45131
58750,-0.36801
58750,-0.041582
58750,0.19777
58750,-0.012616
58750,-0.4715
58750,-0.37533
58750,0.084709
58750,0.35004
58750,0.44602
58750,0.44614
58750,0.24314
58750,0.046048
58750,0.075379
58750,0.17027
58750,0.35705
58750,0.31942
58750,0.23423
58750,0.21057
58750,0.28674
58750,0.30576
58750,0.22442
58750,0.038425
58750,-0.060364
58750,0.087393
58750,0.22692
58750,0.25948
58750,-0.027007
58750,-0.49278
58750,-0.66737
58750,-0.14141
58750,0.50968
58750,0.51194
58750,0.016167
58750,-0.44198
58750,-0.41064
58750,-0.1808
58750,-0.054205
58750,-0.038777
58750,-0.15982
58750,-0.39637
58750,-0.41533
58750,-0.27538
58750,-0.11256
58750,0.10678
58750,0.24863
58750,0.17039
58750,-0.05451
58750,-0.23105
58750,-0.23568
58750,-0.10061
58750,-0.11409
58750,-0.32715
58750,-0.12543
58750,0.39961
58750,0.77538
58750,0.69427
58750,0.25698
58750,-0.030178
58750,0.08288
58750,0.46224
58750,0.19844
58750,-0.32825
58750,-0.71932
58750,-0.71072
58750,-0.48272
58750,-0.17367
58750,-0.0044445
58750,0.040864
58750,0.22759
58750,0.40163
58750,0.28771
58750,-0.013592
58750,-0.069816
58750,0.14349
58750,0.38992
58750,0.32107
58750,-0.009018
58750,-0.31484
58750,-0.21696
58750,0.21161
58750,0.44773
58750,0.43492
58750,0.16161
58750,-0.016153
58750,-0.037862
58750,-0.093233
58750,-0.28008
58750,-0.38314
58750,-0.39283
58750,-0.39856
58750,-0.15129
58750,0.21667
58750,0.45681
58750,0.64085
58750,0.73123
58750,0.66134
58750,0.17856
58750,-0.28691
58750,-0.1336
58750,0.18295
58750,0.33845
58750,-0.030422
58750,-0.55016
58750,-0.92117
58750,-0.61206
58750,-0.27416
58750,-0.087256
58750,0.026168
58750,0.042511
58750,0.015008
58750,-0.015238
58750,0.050255
58750,0.11252
58750,0.08599
58750,-0.0057251
58750,0.11264
58750,0.40138
58750,0.46425
58750,0.23131
58750,0.13862
58750,0.15368
58750,-0.035484
58750,-0.25184
58750,-0.12817
58750,0.11087
58750,0.096845
58750,-0.10427
58750,-0.27855
58750,-0.34795
58750,-0.20178
58750,0.12423
58750,0.3043
58750,0.29393
58750,0.36022
58750,0.54835
58750,0.69311
58750,0.62591
58750,0.21746
58750,-0.15659
58750,-0.21684
58750,0.029217
58750,0.12593
58750,-0.030605
58750,-0.18458
58750,-0.14049
58750,-0.16507
58750,-0.33844
58750,-0.40058
58750,-0.32892
58750,-0.10104
58750,0.038364
58750,-0.082683
58750,-0.27282
58750,-0.13293
58750,0.21984
58750,0.31168
58750,-0.0035907
58750,-0.38844
58750,-0.39832
58750,0.14246
58750,0.55573
58750,0.35784
58750,-0.2766
58750,-0.65066
58750,-0.47686
58750,0.010679
58750,0.19374
58750,-0.16946
58750,-0.44466
58750,-0.20306
58750,0.31449
58750,0.48206
58750,0.19088
58750,-0.22751
58750,-0.22818
58750,0.19039
58750,0.47316
58750,0.24308
58750,-0.03402
58750,-0.00078561
58750,0.27277
58750,0.51548
58750,0.44431
58750,0.10678
58750,-0.14683
58750,-0.078475
58750,0.027936
58750,0.052512
58750,0.031961
58750,-0.012067
58750,-0.023105
58750,-0.033471
58750,-0.083719
58750,-0.17397
58750,-0.13464
58750,-0.028471
58750,0.039157
58750,-0.064023
58750,-0.23879
58750,-0.39808
58750,-0.31343
58750,0.043852
58750,0.41388
58750,0.37388
58750,0.23149
58750,0.14862
58750,0.077026
58750,0.021716
58750,-0.079573
58750,-0.24215
58750,-0.3474
58750,-0.27678
58750,-0.22812
58750,-0.078048
58750,0.10727
58750,0.1627
58750,0.16569
58750,0.30174
58750,0.38437
58750,0.34065
58750,0.26759
58750,0.10227
58750,0.0555
58750,0.10605
58750,0.15392
58750,0.2107
58750,0.22076
58750,0.15392
58750,0.020253
58750,0.10416
58750,0.28662
58750,0.31314
58750,0.025131
58750,-0.34911
58750,-0.42387
58750,-0.23837
58750,0.0062272
58750,0.066903
58750,-0.022556
58750,-0.033898
58750,0.092027
58750,0.11563
58750,0.087576
58750,0.053182
58750,-0.085915
58750,-0.26422
58750,-0.27026
58750,-0.18787
58750,-0.14555
58750,-0.13903
58750,-0.1647
58750,-0.16312
58750,-0.11128
58750,-0.09866
58750,-0.13141
58750,-0.13683
58750,-0.13324
58750,-0.15001
58750,-0.075914
58750,0.06483
58750,0.12044
58750,0.081904
58750,0.05739
58750,-0.032801
58750,-0.17373
58750,-0.065669
58750,0.018484
58750,-0.075792
58750,-0.15001
58750,-0.12336
58750,-0.17074
58750,-0.099514
58750,0.13575
58750,0.13179
58750,-0.067499
58750,-0.087012
58750,0.0039709
58750,0.17258
58750,0.37839
58750,0.35065
58750,0.14801
58750,0.062634
58750,0.17002
58750,0.23045
58750,0.1874
58750,0.062756
58750,-0.074999
58750,-0.077012
58750,0.044767
58750,0.074099
58750,-0.062925
58750,-0.13647
58750,-0.070975
58750,0.081599
58750,0.11349
58750,-0.064267
58750,-0.29593
58750,-0.18172
58750,0.12258
58750,0.31662
58750,0.29406
58750,0.12971
58750,-0.088659
58750,-0.19409
58750,-0.08872
58750,0.034034
58750,-0.01225
58750,-0.19501
58750,-0.42674
58750,-0.45735
58750,-0.20806
58750,0.051536
58750,0.23753
58750,0.30296
58750,0.23356
58750,0.081904
58750,0.013179
58750,0.030559
58750,-0.019263
58750,-0.063474
58750,-0.067133
58750,0.049524
58750,0.19136
58750,0.15965
58750,0.062573
58750,0.089344
58750,0.23045
58750,0.29156
58750,0.17106
58750,-0.010847
58750,-0.10854
58750,-0.0001758
58750,0.24363
58750,0.3165
58750,0.18789
58750,0.080807
58750,0.25241
58750,0.4873
58750,0.44212
58750,0.086844
58750,-0.22891
58750,-0.20916
58750,0.029339
58750,0.13051
58750,-0.073353
58750,-0.37374
58750,-0.38795
58750,-0.054693
58750,0.35126
58750,0.44486
58750,0.095442
58750,-0.2563
58750,-0.28593
58750,-0.14342
58750,-0.2416
58750,-0.55199
58750,-0.70066
58750,-0.46418
58750,-0.088415
58750,0.01757
58750,-0.14562
58750,-0.27922
58750,-0.21879
58750,-0.03524
58750,0.082941
58750,-0.11
58750,-0.41277
58750,-0.41875
58750,-0.057193
58750,0.35315
58750,0.47749
58750,0.31412
58750,0.1366
58750,0.14417
58750,0.33156
58750,0.34644
58750,0.1538
58750,-0.031642
58750,-0.0018833
58750,0.093186
58750,0.13368
58750,0.085563
58750,0.09471
58750,0.17466
58750,0.25198
58750,0.34095
58750,0.36992
58750,0.22137
58750,-0.012067
58750,-0.16745
58750,-0.15312
58750,-0.085915
58750,-0.083598
58750,-0.051522
58750,-0.05518
58750,-0.023044
58750,0.13252
58750,0.25454
58750,0.045865
58750,-0.30203
58750,-0.45046
58750,-0.37118
58750,-0.22635
58750,-0.059998
58750,-0.070365
58750,-0.18239
58750,-0.11183
58750,0.052024
58750,0.1971
58750,0.30857
58750,0.10904
58750,-0.22062
58750,-0.27191
58750,-0.055424
58750,0.084405
58750,0.075806
58750,0.034217
58750,-0.0016393
58750,0.064037
58750,0.095259
58750,0.09715
58750,0.036535
58750,0.057695
58750,0.085868
58750,0.082819
58750,0.041108
58750,-0.10756
58750,-0.13165
58750,0.06172
58750,0.26296
58750,0.19496
58750,0.11971
58750,0.20527
58750,0.22039
58750,0.12392
58750,0.029522
58750,0.015923
58750,0.13319
58750,0.14789
58750,-0.030727
58750,-0.086647
58750,0.18338
58750,0.41236
58750,0.32613
58750,0.19728
58750,0.032998
58750,0.11703
58750,0.47633
58750,0.58225
58750,0.27393
58750,-0.14318
58750,-0.16732
58750,-0.10439
58750,0.07166
58750,0.10807
58750,-0.13299
58750,-0.42174
58750,-0.35704
58750,-0.044631
58750,0.095625
58750,-0.17391
58750,-0.57754
58750,-0.72853
58750,-0.52882
58750,-0.34484
58750,-0.32874
58750,-0.37039
58750,-0.18977
58750,0.02196
58750,0.019826
58750,-0.18104
58750,-0.36557
58750,-0.30575
58750,-0.16238
58750,-0.12756
58750,-0.13946
58750,-0.027434
58750,0.14349
58750,0.21814
58750,0.27015
58750,0.3848
58750,0.36979
58750,0.34845
58750,0.3915
58750,0.34723
58750,0.22143
58750,0.24997
58750,0.31235
58750,0.3168
58750,0.40364
58750,0.44681
58750,0.28924
58750,0.11898
58750,0.19856
58750,0.43065
58750,0.51292
58750,0.25716
58750,-0.042131
58750,-0.21751
58750,-0.19159
58750,-0.1447
58750,-0.17062
58750,-0.25459
58750,-0.36088
58750,-0.37765
58750,-0.20934
58750,-0.11634
58750,-0.16147
58750,-0.29398
58750,-0.41911
58750,-0.33161
58750,-0.15074
58750,-0.0022491
58750,-0.082378
58750,-0.1161
58750,-0.068901
58750,0.091417
58750,0.18216
58750,0.18819
58750,0.12764
58750,0.043791
58750,0.031412
58750,0.066598
58750,0.12862
58750,0.12673
58750,0.24491
58750,0.3654
58750,0.3773
58750,0.39736
58750,0.34796
58750,0.26131
58750,0.34613
58750,0.58792
58750,0.47657
58750,0.075989
58750,-0.1619
58750,-0.025727
58750,0.38534
58750,0.50926
58750,0.14045
58750,-0.20111
58750,-0.17678
58750,-0.083719
58750,-0.12653
58750,-0.27752
58750,-0.39234
58750,-0.39545
58750,-0.17043
58750,-0.0040786
58750,0.0043368
58750,-0.065242
58750,-0.1433
58750,-0.051583
58750,0.066842
58750,0.0319
58750,-0.15806
58750,-0.23916
58750,-0.017067
58750,0.17124
58750,0.0023854
58750,-0.2866
58750,-0.38972
58750,-0.32228
58750,-0.25416
58750,-0.25794
58750,-0.31532
58750,-0.23849
58750,0.0097031
58750,0.097454
58750,0.29479
58750,0.48883
58750,0.39632
58750,0.18088
58750,0.15051
58750,0.093613
58750,-0.081463
58750,-0.12817
58750,-0.041216
58750,0.0084225
58750,-0.1458
58750,-0.38124
58750,-0.30349
58750,0.0916
58750,0.44944
58750,0.61201
58750,0.46017
58750,0.15118
58750,0.034217
58750,0.14398
58750,0.17039
58750,0.070623
58750,0.090381
58750,0.29058
58750,0.51164
58750,0.45633
58750,0.12892
58750,-0.17159
58750,-0.21586
58750,-0.12037
58750,-0.11214
58750,-0.33459
58750,-0.55839
58750,-0.4565
58750,-0.16464
58750,-0.011945
58750,0.012264
58750,0.00086087
58750,0.078306
58750,0.21368
58750,0.40346
58750,0.5506
58750,0.45059
58750,0.057146
58750,-0.31721
58750,-0.34575
58750,-0.10665
58750,-0.021092
58750,-0.14866
58750,-0.30825
58750,-0.50687
58750,-0.70152
58750,-0.47162
58750,0.069708
58750,0.4559
58750,0.50365
58750,0.20313
58750,-0.11116
58750,-0.097867
58750,0.33156
58750,0.73001
58750,0.82355
58750,0.60914
58750,0.40352
58750,0.48401
58750,0.60311
58750,0.48218
58750,0.14831
58750,-0.1039
58750,-0.11177
58750,0.042755
58750,0.19155
58750,0.097089
58750,-0.17562
58750,-0.29477
58750,-0.13885
58750,0.011045
58750,0.12703
58750,0.20435
58750,0.12935
58750,0.0073858
58750,-0.05512
58750,-0.045485
58750,-0.033227
58750,-0.031581
58750,-0.13866
58750,-0.23971
58750,-0.27569
58750,-0.28922
58750,-0.27239
58750,-0.22044
58750,-0.17983
58750,-0.21678
58750,-0.28264
58750,-0.24733
58750,-0.24282
58750,-0.20507
58750,-0.051156
58750,0.089283
58750,0.059463
58750,-0.039935
58750,-0.064084
58750,-0.034691
58750,-0.023775
58750,-0.02347
58750,-0.017494
58750,0.023485
58750,0.033547
58750,0.031107
58750,0.053731
58750,0.10465
58750,0.11361
58750,0.12862
58750,0.21795
58750,0.22686
58750,0.16252
58750,0.18569
58750,0.26985
58750,0.25363
58750,0.087759
58750,-0.065852
58750,-0.041765
58750,0.015313
58750,0.023973
58750,0.051841
58750,0.19734
58750,0.33491
58750,0.56036
58750,0.47676
58750,0.18386
58750,-0.17672
58750,-0.13757
58750,0.084222
58750,0.065074
58750,-0.32276
58750,-0.43759
58750,0.094649
58750,0.62195
58750,0.49962
58750,-0.2563
58750,-0.80256
58750,-0.73628
58750,-0.54193
58750,-0.59297
58750,-0.62773
58750,-0.38393
58750,-0.17092
58750,-0.22519
58750,-0.34246
58750,-0.41759
58750,-0.27099
58750,0.098735
58750,0.45181
58750,0.45322
58750,0.27534
58750,0.19106
58750,0.29247
58750,0.60347
58750,0.87472
58750,0.84654
58750,0.70397
58750,0.59524
58750,0.53286
58750,0.56451
58750,0.63073
58750,0.447
58750,0.046535
58750,-0.43491
58750,-0.67298
58750,-0.55443
58750,-0.29551
58750,-0.18165
58750,-0.28081
58750,-0.45308
58750,-0.7139
58750,-0.85244
58750,-0.76128
58750,-0.52004
58750,-0.19952
58750,0.10666
58750,0.39638
58750,0.42937
58750,0.19807
58750,0.057268
58750,0.18606
58750,0.30186
58750,0.25509
58750,0.2057
58750,0.17703
58750,0.099223
58750,-0.086159
58750,-0.37813
58750,-0.58596
58750,-0.63029
58750,-0.60151
58750,-0.62395
58750,-0.67468
58750,-0.66426
58750,-0.59821
58750,-0.40576
58750,-0.19074
58750,-0.068535
58750,-0.058656
58750,-0.1172
58750,-0.046155
58750,0.26369
58750,0.5231
58750,0.61701
58750,0.69696
58750,0.93692
58750,1.09
58750,0.95972
58750,0.61213
58750,0.28802
58750,0.31833
58750,0.64
58750,0.82904
58750,0.65787
58750,0.33345
58750,0.094283
58750,0.012203
58750,0.2049
58750,0.34668
58750,0.18618
58750,-0.042435
58750,-0.21849
58750,-0.19806
58750,-0.068718
58750,-0.056278
58750,-0.19044
58750,-0.19586
58750,-0.1336
58750,-0.11732
58750,-0.029325
58750,0.13136
58750,0.12331
58750,0.023058
58750,-0.030788
58750,-0.023349
58750,-0.015238
58750,-0.047863
58750,-0.17842
58750,-0.41076
58750,-0.47601
58750,-0.43729
58750,-0.3757
58750,-0.27599
58750,-0.33697
58750,-0.52967
58750,-0.66572
58750,-0.61248
58750,-0.54553
58750,-0.50308
58750,-0.36795
58750,-0.25721
58750,-0.24044
58750,-0.26788
58750,-0.25861
58750,-0.18245
58750,0.053609
58750,0.30887
58750,0.39217
58750,0.28284
58750,0.20588
58750,0.23155
58750,0.36876
58750,0.45151
58750,0.44395
58750,0.39205
58750,0.41169
58750,0.43785
58750,0.35589
58750,0.3218
58750,0.34479
58750,0.41382
58750,0.42126
58750,0.35089
58750,0.28369
58750,0.22661
58750,0.2246
58750,0.30637
58750,0.4795
58750,0.54652
58750,0.31942
58750,0.065744
58750,-0.0080423
58750,0.060622
58750,0.15398
58750,0.1702
58750,0.048731
58750,-0.042984
58750,0.046779
58750,0.24661
58750,0.37095
58750,0.15465
58750,-0.20647
58750,-0.386
58750,-0.29118
58750,-0.061827
58750,0.00037302
58750,-0.087561
58750,-0.39533
58750,-0.68725
58750,-0.64365
58750,-0.35697
58750,-0.13939
58750,-0.1386
58750,-0.28977
58750,-0.34191
58750,-0.21721
58750,0.13313
58750,0.31217
58750,0.15472
58750,-0.1858
58750,-0.30856
58750,-0.097928
58750,0.066476
58750,0.058732
58750,-0.016885
58750,-0.18269
58750,-0.29368
58750,-0.31789
58750,-0.25928
58750,-0.26056
58750,-0.23196
58750,-0.11988
58750,-0.027312
58750,0.072757
58750,0.014947
58750,-0.12013
58750,-0.23117
58750,-0.10677
58750,0.10306
58750,0.15045
58750,0.030741
58750,-0.16117
58750,-0.27154
58750,-0.078658
58750,0.093613
58750,0.026107
58750,-0.059205
58750,0.031412
58750,0.14167
58750,0.13587
58750,-0.0062739
58750,-0.081951
58750,0.15868
58750,0.52731
58750,0.64128
58750,0.40852
58750,0.035742
58750,-0.16629
58750,0.038791
58750,0.56518
58750,0.74379
58750,0.34552
58750,-0.22965
58750,-0.31093
58750,-0.016458
58750,0.24631
58750,0.25911
58750,0.14514
58750,0.086417
58750,0.080807
58750,0.0063491
58750,-0.027739
58750,0.12996
58750,0.33699
58750,0.29906
58750,0.060134
58750,-0.16147
58750,-0.11275
58750,0.16014
58750,0.42858
58750,0.28948
58750,-0.15336
58750,-0.46369
58750,-0.32874
58750,0.075684
58750,0.22429
58750,-0.043716
58750,-0.35911
58750,-0.28532
58750,0.057695
58750,0.28412
58750,0.2146
58750,-0.080427
58750,-0.32185
58750,-0.10537
58750,0.22356
58750,0.18447
58750,-0.13988
58750,-0.4493
58750,-0.60541
58750,-0.52577
58750,-0.23709
58750,-0.20434
58750,-0.4246
58750,-0.59065
58750,-0.52022
58750,-0.34472
58750,-0.1672
58750,-0.06445
58750,-0.11903
58750,-0.24026
58750,-0.21837
58750,-0.032435
58750,0.10178
58750,0.027266
58750,-0.082805
58750,0.022265
58750,0.21728
58750,0.3751
58750,0.3726
58750,0.15886
58750,-0.1408
58750,-0.11689
58750,0.17771
58750,0.48395
58750,0.63951
58750,0.49822
58750,0.24283
58750,0.10435
58750,0.19728
58750,0.37169
58750,0.38748
58750,0.19758
58750,0.19313
58750,0.36223
58750,0.40297
58750,0.21057
58750,-0.10049
58750,-0.30118
58750,-0.17135
58750,0.21948
58750,0.27326
58750,-0.15147
58750,-0.59309
58750,-0.69926
58750,-0.4704
58750,-0.10537
58750,0.085746
58750,0.17118
58750,0.056841
58750,-0.033166
58750,-0.18312
58750,-0.283
58750,-0.29612
58750,-0.2902
58750,-0.25471
58750,-0.21385
58750,-0.22202
58750,-0.32545
58750,-0.47656
58750,-0.3596
58750,-0.044021
58750,0.21954
58750,0.16337
58750,-5.3841e-05
58750,-0.087683
58750,-0.12348
58750,-0.057742
58750,0.14813
58750,0.42224
58750,0.57402
58750,0.56469
58750,0.4631
58750,0.42919
58750,0.62713
58750,0.80703
58750,0.71318
58750,0.47243
58750,0.10672
58750,-0.18544
58750,-0.16921
58750,0.12264
58750,0.38278
58750,0.33534
58750,-0.022556
58750,-0.21995
58750,-0.088598
58750,0.19655
58750,0.34809
58750,0.29302
58750,0.14203
58750,0.1263
58750,0.23576
58750,0.16581
58750,-0.059144
58750,-0.087012
58750,0.11069
58750,0.23771
58750,0.20698
58750,-0.057559
58750,-0.46406
58750,-0.64901
58750,-0.39826
58750,-0.15434
58750,-0.39155
58750,-0.85037
58750,-0.9627
58750,-0.79055
58750,-0.54297
58750,-0.36435
58750,-0.37198
58750,-0.45308
58750,-0.371
58750,-0.19702
58750,-0.14269
58750,-0.33764
58750,-0.46826
58750,-0.37118
58750,-0.10073
58750,-0.013653
58750,0.053243
58750,0.13721
58750,0.31509
58750,0.45938
58750,0.40577
58750,0.29558
58750,0.32186
58750,0.61451
58750,0.6922
58750,0.39431
58750,0.25948
58750,0.4992
58750,0.64756
58750,0.50859
58750,0.40413
58750,0.54865
58750,0.63726
58750,0.58652
58750,0.49273
58750,0.26125
58750,0.040193
58750,-0.0039566
58750,0.12148
58750,0.17344
58750,0.077392
58750,0.063061
58750,0.30302
58750,0.58079
58750,0.54493
58750,0.20149
58750,-0.20897
58750,-0.40789
58750,-0.35539
58750,-0.52028
58750,-0.66535
58750,-0.77811
58750,-0.62559
58750,-0.58742
58750,-0.57193
58750,-0.79152
58750,-0.86775
58750,-0.66176
58750,-0.20739
58750,0.20685
58750,0.30211
58750,0.090015
58750,-0.055424
58750,0.09471
58750,0.30058
58750,0.4509
58750,0.61677
58750,0.71074
58750,0.61597
58750,0.44315
58750,0.46474
58750,0.52645
58750,0.41035
58750,0.31875
58750,0.32253
58750,0.38571
58750,0.44267
58750,0.45127
58750,0.5217
58750,0.56615
58750,0.46102
58750,0.40242
58750,0.3443
58750,0.19838
58750,-0.088049
58750,-0.32514
58750,-0.28288
58750,-0.17178
58750,-0.20568
58750,-0.49247
58750,-0.88226
58750,-1.126
58750,-0.90861
58750,-0.45942
58750,-0.21934
58750,-0.36978
58750,-0.75152
58750,-0.96629
58750,-0.74121
58750,-0.27154
58750,-0.20672
58750,-0.46857
58750,-0.58431
58750,-0.28093
58750,0.17679
58750,0.27076
58750,0.0065321
58750,-0.17861
58750,-0.087622
58750,0.066476
58750,0.14154
58750,0.11996
58750,0.010374
58750,-0.063596
58750,0.098552
58750,0.41236
58750,0.5378
58750,0.39138
58750,0.28314
58750,0.37211
58750,0.43102
58750,0.31766
58750,0.19362
58750,0.17502
58750,0.18521
58750,0.092027
58750,-0.10897
58750,-0.20696
58750,-0.060059
58750,0.23015
58750,0.38236
58750,0.22728
58750,-0.0077984
58750,-0.029934
58750,0.15758
58750,0.22448
58750,0.061537
58750,-0.092623
58750,-0.012799
58750,0.1738
58750,0.35266
58750,0.32583
58750,0.12843
58750,-0.036703
58750,-0.06573
58750,-0.093781
58750,-0.23922
58750,-0.38905
58750,-0.57029
58750,-0.60108
58750,-0.3782
58750,-0.077499
58750,-0.036825
58750,-0.20635
58750,-0.29648
58750,-0.25264
58750,0.025314
58750,0.26046
58750,0.28985
58750,0.20423
58750,0.18929
58750,0.18094
58750,0.20942
58750,0.36309
58750,0.47401
58750,0.35925
58750,0.060866
58750,-0.13568
58750,-0.12281
58750,0.040925
58750,0.18923
58750,0.072269
58750,-0.21379
58750,-0.35886
58750,-0.21062
58750,0.049524
58750,0.3104
58750,0.44047
58750,0.43053
58750,0.44248
58750,0.42773
58750,0.34693
58750,0.16813
58750,-0.015604
58750,-0.036947
58750,0.17862
58750,0.36815
58750,0.27192
58750,-0.068779
58750,-0.38246
58750,-0.4168
58750,-0.21275
58750,-0.067925
58750,-0.16934
58750,-0.38728
58750,-0.50863
58750,-0.56528
58750,-0.61852
58750,-0.53101
58750,-0.33069
58750,-0.17867
58750,-0.20123
58750,-0.29435
58750,-0.37326
58750,-0.326
58750,-0.077256
58750,0.096174
58750,0.15246
58750,0.20015
58750,0.19874
58750,0.15965
58750,0.18313
58750,0.26881
58750,0.19411
58750,0.16014
58750,0.20826
58750,0.24344
58750,0.29796
58750,0.19021
58750,-0.15824
58750,-0.29148
58750,-0.050302
58750,0.2157
58750,0.13679
58750,-0.11976
58750,-0.22849
58750,0.077026
58750,0.58414
58750,0.59988
58750,-0.012494
58750,-0.569
58750,-0.57577
58750,-0.22208
58750,0.24174
58750,0.38778
58750,0.057451
58750,-0.19659
58750,-0.05018
58750,0.16569
58750,0.099284
58750,-0.11592
58750,-0.25489
58750,-0.093903
58750,0.18429
58750,0.27613
58750,0.045682
58750,-0.17281
58750,-0.045363
58750,0.19179
58750,0.1127
58750,-0.013531
58750,-0.28508
58750,-0.62303
58750,-0.5029
58750,-0.17251
58750,-0.10067
58750,-0.33673
58750,-0.41832
58750,-0.26569
58750,0.025009
58750,0.1324
58750,0.048304
58750,0.1216
58750,0.27613
58750,0.37547
58750,0.41236
58750,0.30205
58750,0.11593
58750,0.20691
58750,0.47645
58750,0.5517
58750,0.37205
58750,0.18661
58750,0.09471
58750,0.064281
58750,0.21533
58750,0.32552
58750,0.2368
58750,0.12227
58750,0.04806
58750,-0.063169
58750,0.081782
58750,0.48298
58750,0.65287
58750,0.42992
58750,0.12075
58750,0.2157
58750,0.63671
58750,0.8191
58750,0.53731
58750,0.2307
58750,0.12044
58750,0.14898
58750,0.046779
58750,-0.21324
58750,-0.47046
58750,-0.49406
58750,-0.36417
58750,-0.33362
58750,-0.59693
58750,-0.8561
58750,-1.0148
58750,-0.96825
58750,-0.8214
58750,-0.65285
58750,-0.54669
58750,-0.52614
58750,-0.53644
58750,-0.29026
58750,0.084892
58750,0.19752
58750,0.028485
58750,-0.17537
58750,-0.084878
58750,0.15325
58750,0.27948
58750,0.26674
58750,0.21881
58750,0.29583
58750,0.37595
58750,0.32973
58750,0.2568
58750,0.29491
58750,0.40211
58750,0.38772
58750,0.25277
58750,0.12081
58750,0.050255
58750,0.044401
58750,0.14417
58750,0.14301
58750,-0.0087741
58750,-0.0074935
58750,0.082026
58750,0.083368
58750,0.0012268
58750,-0.082561
58750,-0.1508
58750,-0.22019
58750,-0.36801
58750,-0.52229
58750,-0.5018
58750,-0.35704
58750,-0.18848
58750,-0.049021
58750,-0.0015784
58750,0.022387
58750,0.12886
58750,0.1399
58750,0.070623
58750,-0.043655
58750,-0.081463
58750,-0.0080423
58750,0.073611
58750,0.082819
58750,0.12813
58750,0.17258
58750,0.062878
58750,0.046048
58750,0.1227
58750,0.093491
58750,0.065074
58750,0.092149
58750,0.055317
58750,0.042755
58750,0.18307
58750,0.1702
58750,0.095259
58750,0.17472
58750,0.28113
58750,0.30839
58750,0.43956
58750,0.55737
58750,0.44663
58750,0.23497
58750,0.063244
58750,-0.0083472
58750,-0.019934
58750,-0.11762
58750,-0.22526
58750,-0.25544
58750,-0.17903
58750,-0.1597
58750,-0.19251
58750,-0.15732
58750,-0.14866
58750,-0.11488
58750,0.010923
58750,0.042267
58750,-0.10951
58750,-0.20928
58750,-0.12214
58750,0.084466
58750,0.36925
58750,0.47749
58750,0.36925
58750,0.29717
58750,0.30631
58750,0.22509
58750,-0.03152
58750,-0.31496
58750,-0.5626
58750,-0.58803
58750,-0.32411
58750,-0.23154
58750,-0.52937
58750,-0.7425
58750,-0.64999
58750,-0.41497
58750,-0.33679
58750,-0.32935
58750,-0.26745
58750,-0.11817
58750,0.022326
58750,0.016838
58750,0.03684
58750,0.14697
58750,0.32174
58750,0.47358
58750,0.59231
58750,0.52926
58750,0.29881
58750,0.2318
58750,0.30083
58750,0.25649
58750,0.11898
58750,0.041657
58750,0.085136
58750,0.22612
58750,0.28546
58750,0.16496
58750,0.18252
58750,0.47005
58750,0.62067
58750,0.51962
58750,0.23795
58750,-0.050424
58750,-0.13519
58750,-0.035667
58750,0.034278
58750,-0.10525
58750,-0.50748
58750,-0.77049
58750,-0.67792
58750,-0.38686
58750,-0.24142
58750,-0.25062
58750,-0.3349
58750,-0.37765
58750,-0.23995
58750,-0.21891
58750,-0.25172
58750,-0.062254
58750,0.11477
58750,0.10807
58750,0.023912
58750,0.036169
58750,0.20021
58750,0.33552
58750,0.24527
58750,-0.037557
58750,-0.16086
58750,-0.077317
58750,0.15252
58750,0.45712
58750,0.54572
58750,0.39998
58750,0.289
58750,0.45992
58750,0.73001
58750,0.74751
58750,0.43693
58750,0.12727
58750,0.10904
58750,0.36296
58750,0.33223
58750,-0.016641
58750,-0.38271
58750,-0.44845
58750,-0.34008
58750,-0.18342
58750,-0.079695
58750,-0.23642
58750,-0.50674
58750,-0.6398
58750,-0.54577
58750,-0.29099
58750,0.024521
58750,0.073245
58750,0.068184
58750,0.092637
58750,0.075196
58750,0.034034
58750,0.19033
58750,0.36583
58750,0.27954
58750,-0.016763
58750,-0.13732
58750,-0.018653
58750,0.1352
58750,0.28485
58750,0.21905
58750,0.097028
58750,0.14776
58750,0.21484
58750,0.14429
58750,0.12233
58750,0.082026
58750,-0.016824
58750,-0.043472
58750,0.07355
58750,0.12209
58750,0.16691
58750,0.19246
58750,0.13545
58750,0.086905
58750,0.22838
58750,0.4301
58750,0.36126
58750,0.11868
58750,-0.12726
58750,-0.30459
58750,-0.26483
58750,0.0049466
58750,0.053121
58750,-0.19995
58750,-0.49241
58750,-0.39942
58750,-0.049997
58750,0.082148
58750,-0.26861
58750,-0.60139
58750,-0.63395
58750,-0.42576
58750,-0.16348
58750,0.067086
58750,0.16911
58750,0.23692
58750,0.25344
58750,0.42638
58750,0.54432
58750,0.52877
58750,0.4906
58750,0.42303
58750,0.41791
58750,0.29833
58750,0.18563
58750,-0.066157
58750,-0.11086
58750,-0.086098
58750,-0.060181
58750,0.033669
58750,0.19691
58750,0.087271
58750,-0.057986
58750,-0.16336
58750,-0.1611
58750,-0.16043
58750,-0.042496
58750,0.063488
58750,0.17825
58750,0.16069
58750,0.088307
58750,0.18996
58750,0.31192
58750,0.26369
58750,-0.02719
58750,-0.27825
58750,-0.48778
58750,-0.58565
58750,-0.6684
58750,-0.46674
58750,0.0017146
58750,0.30778
58750,0.20332
58750,-0.0032248
58750,0.071599
58750,0.47615
58750,0.81837
58750,0.73891
58750,0.37809
58750,0.045133
58750,-0.20464
58750,-0.21532
58750,-0.11836
58750,-0.2494
58750,-0.55272
58750,-0.69578
58750,-0.57224
58750,-0.3699
58750,-0.34173
58750,-0.42314
58750,-0.43893
58750,-0.1325
58750,0.1588
58750,0.27125
58750,0.30064
58750,0.44998
58750,0.51151
58750,0.37791
58750,0.24442
58750,0.26576
58750,0.19063
58750,-0.0046274
58750,-0.25739
58750,-0.34563
58750,-0.37009
58750,-0.29886
58750,-0.27422
58750,-0.25337
58750,-0.15866
58750,-0.11665
58750,-0.14177
58750,-0.22562
58750,-0.21215
58750,0.037205
58750,0.42273
58750,0.60085
58750,0.44639
58750,0.16533
58750,0.1027
58750,0.34443
58750,0.65244
58750,0.70927
58750,0.41455
58750,0.025924
58750,-0.087317
58750,0.070257
58750,0.085929
58750,-0.24751
58750,-0.66468
58750,-0.76829
58750,-0.43015
58750,-0.05823
58750,-0.025239
58750,-0.26813
58750,-0.43912
58750,-0.32252
58750,-0.021641
58750,0.2257
58750,0.21795
58750,0.038242
58750,-0.16641
58750,-0.17025
58750,0.051292
58750,0.35992
58750,0.51267
58750,0.46749
58750,0.29034
58750,0.17716
58750,0.25076
58750,0.51658
58750,0.68196
58750,0.67317
58750,0.49456
58750,0.27491
58750,0.22765
58750,0.30333
58750,0.38986
58750,0.3576
58750,0.28046
58750,0.11111
58750,0.006654
58750,-0.15708
58750,-0.3771
58750,-0.54681
58750,-0.55535
58750,-0.49875
58750,-0.41887
58750,-0.32075
58750,-0.14336
58750,-0.059693
58750,-0.062071
58750,-0.19751
58750,-0.17251
58750,0.081295
58750,0.30058
58750,0.15112
58750,-0.25995
58750,-0.37557
58750,-0.11134
58750,0.24856
58750,0.44029
58750,0.31046
58750,-0.03274
58750,-0.16806
58750,0.01885
58750,0.3268
58750,0.41535
58750,0.29552
58750,0.05367
58750,-0.071828
58750,0.080624
58750,0.36979
58750,0.52328
58750,0.51645
58750,0.40766
58750,0.28375
58750,0.18545
58750,0.0040319
58750,-0.13982
58750,-0.16525
58750,-0.16665
58750,-0.23764
58750,-0.32825
58750,-0.38265
58750,-0.43472
58750,-0.42759
58750,-0.37118
58750,-0.32844
58750,-0.32124
58750,-0.36551
58750,-0.41387
58750,-0.34825
58750,-0.19416
58750,-0.051766
58750,-0.03213
58750,-0.089757
58750,0.049889
58750,0.22436
58750,0.42193
58750,0.56664
58750,0.59859
58750,0.56201
58750,0.48737
58750,0.34235
58750,0.22454
58750,0.20088
58750,0.087515
58750,-0.065059
58750,-0.10994
58750,-0.13244
58750,-0.14421
58750,-0.13927
58750,-0.023349
58750,0.10105
58750,0.13691
58750,0.013057
58750,-0.1089
58750,-0.090244
58750,0.064464
58750,0.12612
58750,0.14179
58750,0.095686
58750,0.0097031
58750,-0.10488
58750,-0.0875
58750,-0.13263
58750,-0.27672
58750,-0.31106
58750,-0.31825
58750,-0.26617
58750,-0.1561
58750,-0.092318
58750,-0.12732
58750,-0.080122
58750,-0.0047494
58750,0.11246
58750,0.3687
58750,0.50456
58750,0.44431
58750,0.36479
58750,0.3429
58750,0.28436
58750,0.27473
58750,0.28826
58750,0.19082
58750,-0.0045054
58750,-0.16629
58750,-0.33112
58750,-0.29374
58750,-0.15159
58750,-0.07628
58750,-0.1111
58750,-0.2141
58750,-0.35466
58750,-0.34234
58750,-0.1619
58750,0.045194
58750,0.14459
58750,0.1127
58750,0.048426
58750,0.042633
58750,0.1266
58750,0.15337
58750,0.074221
58750,-0.08189
58750,-0.15586
58750,-0.11281
58750,-0.043045
58750,-0.092196
58750,-0.14726
58750,-0.06201
58750,0.151
58750,0.34809
58750,0.38132
58750,0.30351
58750,0.28845
58750,0.43163
58750,0.65488
58750,0.53475
58750,0.24491
58750,0.066842
58750,0.08721
58750,0.16935
58750,-0.017494
58750,-0.19623
58750,-0.35112
58750,-0.43222
58750,-0.68444
58750,-0.84232
58750,-0.75274
58750,-0.45046
58750,-0.24014
58750,-0.15312
58750,-0.10494
58750,-0.020787
58750,-0.036825
58750,-0.10805
58750,-0.034264
58750,0.15691
58750,0.26497
58750,0.14282
58750,-0.15946
58750,-0.46692
58750,-0.48851
58750,-0.20257
58750,0.18423
58750,0.35248
58750,0.19033
58750,-0.077073
58750,-0.12635
58750,0.19569
58750,0.44437
58750,0.2671
58750,-0.084207
58750,-0.29191
58750,-0.29612
58750,-0.2366
58750,-0.016946
58750,0.25521
58750,0.34479
58750,0.15161
58750,-0.029142
58750,0.0071419
58750,0.20155
58750,0.43108
58750,0.49249
58750,0.32131
58750,0.0038489
58750,-0.19702
58750,-0.06201
58750,0.32875
58750,0.5117
58750,0.16216
58750,-0.37374
58750,-0.5737
58750,-0.38655
58750,-0.1136
58750,-0.0066398
58750,-0.18653
58750,-0.32959
58750,-0.14287
58750,0.16148
58750,0.30119
58750,0.29003
58750,0.22686
58750,0.18063
58750,0.26649
58750,0.26015
58750,0.06733
58750,-0.031215
58750,0.073977
58750,0.057878
58750,-0.15397
58750,-0.36374
58750,-0.41253
58750,-0.16299
58750,0.21868
58750,0.42712
58750,0.23033
58750,-0.06634
58750,-0.1672
58750,-0.02408
58750,0.17325
58750,0.35388
58750,0.36973
58750,0.23893
58750,0.15752
58750,0.055317
58750,-0.023288
58750,0.13526
58750,-0.0021272
58750,-0.32935
58750,-0.57919
58750,-0.52839
58750,-0.36307
58750,-0.13452
58750,0.056841
58750,0.01202
58750,-0.13415
58750,-0.071767
58750,0.11172
58750,0.39839
58750,0.49359
58750,0.27052
58750,0.012508
58750,-0.039204
58750,0.085197
58750,0.17734
58750,0.17917
58750,-0.012982
58750,-0.20306
58750,-0.33453
58750,-0.43076
58750,-0.42954
58750,-0.30038
58750,-0.09616
58750,0.054707
58750,-0.10945
58750,-0.25508
58750,-0.19129
58750,0.097393
58750,0.14417
58750,-0.023836
58750,-0.2502
58750,-0.33648
58750,-0.37435
58750,-0.46101
58750,-0.4879
58750,-0.45912
58750,-0.34252
58750,-0.22318
58750,-0.20208
58750,-0.27983
58750,-0.18361
58750,0.12337
58750,0.45809
58750,0.59567
58750,0.52889
58750,0.50718
58750,0.73574
58750,1.0179
58750,0.93521
58750,0.51353
58750,0.20448
58750,0.1466
58750,0.22667
58750,0.25247
58750,0.15984
58750,0.14801
58750,0.13636
58750,0.080075
58750,-0.068657
58750,-0.061522
58750,0.21899
58750,0.44925
58750,0.4262
58750,0.25259
58750,0.064647
58750,0.006776
58750,0.21929
58750,0.46249
58750,0.34302
58750,-0.079451
58750,-0.39039
58750,-0.41985
58750,-0.2841
58750,-0.25764
58750,-0.46741
58750,-0.59699
58750,-0.38649
58750,-0.11049
58750,-0.054022
58750,-0.018287
58750,0.087454
58750,0.31656
58750,0.50371
58750,0.45614
58750,0.34302
58750,0.29619
58750,0.2468
58750,0.19362
58750,0.096723
58750,-0.067377
58750,-0.23324
58750,-0.11543
58750,0.063
58750,0.016106
58750,-0.15165
58750,-0.17702
58750,0.023363
58750,0.076843
58750,0.0041538
58750,-0.12897
58750,-0.11622
58750,0.0916
58750,0.13709
58750,-0.071035
58750,-0.3202
58750,-0.3574
58750,-0.25349
58750,-0.1969
58750,-0.4118
58750,-0.707
58750,-0.68828
58750,-0.54833
58750,-0.55626
58750,-0.48113
58750,-0.3435
58750,-0.19647
58750,0.11246
58750,0.3815
58750,0.2299
58750,0.089771
58750,0.18655
58750,0.4445
58750,0.70098
58750,0.59146
58750,-0.016275
58750,-0.37155
58750,-0.14702
58750,0.25119
58750,0.39035
58750,0.040133
58750,-0.36679
58750,-0.49461
58750,-0.30868
58750,-0.017799
58750,0.098491
58750,0.14313
58750,0.19728
58750,0.22295
58750,0.19155
58750,0.29717
58750,0.50932
58750,0.71592
58750,0.7144
58750,0.45023
58750,0.070013
58750,0.011472
58750,0.26418
58750,0.5306
58750,0.36784
58750,-0.18794
58750,-0.57888
58750,-0.40356
58750,-0.077073
58750,0.14471
58750,0.38906
58750,0.59073
58750,0.49224
58750,0.28875
58750,0.13331
58750,0.17136
58750,0.38845
58750,0.47913
58750,0.2932
58750,-0.062925
58750,-0.28398
58750,-0.28959
58750,-0.15818
58750,-0.2352
58750,-0.53205
58750,-0.89147
58750,-1.018
58750,-0.73317
58750,-0.39856
58750,-0.31721
58750,-0.4035
58750,-0.36759
58750,-0.21635
58750,-0.1222
58750,-0.11604
58750,-0.18312
58750,-0.16842
58750,-0.098172
58750,-0.016214
58750,-0.058717
58750,-0.077804
58750,-0.049631
58750,0.055256
58750,0.17941
58750,0.17527
58750,0.06111
58750,0.011898
58750,0.13105
58750,0.25509
58750,0.37754
58750,0.24131
58750,-0.011945
58750,-0.11891
58750,-0.046643
58750,0.05117
58750,0.19002
58750,0.35351
58750,0.45163
58750,0.44956
58750,0.4334
58750,0.54829
58750,0.51944
58750,0.49706
58750,0.36986
58750,0.19527
58750,0.0087274
58750,-0.072194
58750,-0.10348
58750,-0.022007
58750,-0.11525
58750,-0.2352
58750,-0.28794
58750,-0.26678
58750,-0.25672
58750,-0.45113
58750,-0.71902
58750,-0.81512
58750,-0.60968
58750,-0.28142
58750,-0.090549
58750,-0.019385
58750,-0.016397
58750,-0.069145
58750,-0.10086
58750,-0.037862
58750,0.15142
58750,0.22314
58750,0.10563
58750,-0.06073
58750,-0.046948
58750,0.074526
58750,0.23051
58750,0.30735
58750,0.28247
58750,0.20094
58750,0.23094
58750,0.33552
58750,0.29497
58750,0.26076
58750,0.3201
58750,0.44346
58750,0.42016
58750,0.26503
58750,0.088795
58750,-0.10598
58750,-0.082866
58750,0.055805
58750,0.1377
58750,0.029888
58750,-0.12787
58750,-0.24392
58750,-0.21739
58750,-0.11287
58750,0.045011
58750,0.19765
58750,0.25387
58750,0.08849
58750,-0.077377
58750,0.058732
58750,0.30119
58750,0.38455
58750,0.17831
58750,-0.16391
58750,-0.37759
58750,-0.21928
58750,0.055927
58750,0.047267
58750,-0.21355
58750,-0.48619
58750,-0.52205
58750,-0.27666
58750,-0.026946
58750,-0.10695
58750,-0.38051
58750,-0.50333
58750,-0.30953
58750,0.10691
58750,0.40968
58750,0.29339
58750,0.072208
58750,0.072818
58750,0.2382
58750,0.31705
58750,0.39754
58750,0.44157
58750,0.31259
58750,0.14392
58750,0.04867
58750,0.070074
58750,0.064342
58750,-0.037801
58750,-0.13519
58750,0.00019008
58750,0.201
58750,0.17886
58750,-0.058961
58750,-0.092745
58750,0.0018366
58750,0.051841
58750,0.06483
58750,0.11581
58750,0.13886
58750,0.03751
58750,-0.089025
58750,-0.17257
58750,-0.16982
58750,-0.10207
58750,0.027144
58750,0.019826
58750,-0.12171
58750,-0.32837
58750,-0.33929
58750,-0.10366
58750,0.089222
58750,-0.090244
58750,-0.564
58750,-0.76359
58750,-0.5423
58750,0.012386
58750,0.36339
58750,0.18771
58750,-0.3041
58750,-0.44485
58750,-0.178
58750,0.2046
58750,0.32894
58750,0.10648
58750,-0.15007
58750,-0.046155
58750,0.34711
58750,0.46718
58750,0.44724
58750,0.37931
58750,0.30613
58750,0.289
58750,0.33443
58750,0.19765
58750,-0.013592
58750,0.076172
58750,0.24472
58750,0.21088
58750,0.017875
58750,-0.13982
58750,-0.18452
58750,-0.00084659
58750,0.15496
58750,0.08971
58750,0.085136
58750,0.23106
58750,0.26601
58750,0.2185
58750,0.21478
58750,0.12124
58750,0.016594
58750,0.10892
58750,0.22186
58750,0.13843
58750,0.015252
58750,-0.11555
58750,-0.25636
58750,-0.18135
58750,-0.0065178
58750,-0.03713
58750,-0.18739
58750,-0.20147
58750,-0.22471
58750,-0.23922
58750,-0.12421
58750,-0.13702
58750,-0.24568
58750,-0.32453
58750,-0.27361
58750,-0.18287
58750,-0.095489
58750,-0.066523
58750,-0.062986
58750,-0.10915
58750,-0.11464
58750,-0.083171
58750,0.0051905
58750,0.092027
58750,0.1138
58750,0.057451
58750,0.056841
58750,0.15337
58750,0.13831
58750,-0.014567
58750,-0.14183
58750,-0.12537
58750,-0.013775
58750,0.13849
58750,0.19612
58750,0.14343
58750,0.07105
58750,-0.0013954
58750,-0.014567
58750,0.046657
58750,0.024582
58750,-0.030544
58750,0.054158
58750,0.14734
58750,0.14673
58750,0.13752
58750,0.12197
58750,0.024277
58750,-0.059083
58750,-0.053412
58750,-0.032922
58750,-0.042862
58750,-0.13281
58750,-0.27496
58750,-0.32234
58750,-0.27374
58750,-0.15897
58750,-0.05762
58750,-0.083902
58750,-0.2241
58750,-0.25867
58750,-0.087439
58750,0.10014
58750,0.12752
58750,-0.062864
58750,-0.23032
58750,-0.18385
58750,0.10599
58750,0.40998
58750,0.40821
58750,0.15374
58750,-0.013165
58750,0.11087
58750,0.36443
58750,0.40205
58750,0.16228
58750,-0.17665
58750,-0.27575
58750,-0.066645
58750,0.26424
58750,0.35059
58750,0.20191
58750,0.017326
58750,-0.025422
58750,0.097089
58750,0.19533
58750,0.11996
58750,-0.04274
58750,-0.0875
58750,0.01074
58750,0.16344
58750,0.22399
58750,0.21405
58750,0.23332
58750,0.17313
58750,-0.049082
58750,-0.20897
58750,-0.050302
58750,0.24881
58750,0.34851
58750,0.23301
58750,0.037144
58750,-0.14781
58750,-0.26599
58750,-0.22556
58750,-0.084268
58750,-0.025056
58750,-0.15909
58750,-0.31843
58750,-0.27593
58750,-0.080183
58750,-0.040118
58750,-0.12153
58750,-0.23318
58750,-0.28435
58750,-0.071828
58750,0.16966
58750,0.17216
58750,0.14099
58750,0.15947
58750,0.045743
58750,0.09715
58750,0.26643
58750,0.211
58750,-0.0012125
58750,-0.066096
58750,-0.0076764
58750,0.16094
58750,0.31095
58750,0.16758
58750,-0.23489
58750,-0.37441
58750,-0.10354
58750,0.17911
58750,0.20728
58750,-0.076646
58750,-0.36734
58750,-0.37826
58750,-0.092745
58750,0.06172
58750,0.0086664
58750,-0.14946
58750,-0.23239
58750,-0.12055
58750,0.079892
58750,0.12081
58750,-0.071645
58750,-0.24648
58750,-0.29099
58750,-0.19086
58750,-0.1233
58750,-0.10762
58750,-0.073719
58750,0.069647
58750,0.17392
58750,0.059707
58750,-0.062986
58750,0.0062882
58750,0.17338
58750,0.21484
58750,0.082087
58750,-0.085427
58750,-0.19141
58750,-0.082195
58750,0.16246
58750,0.25887
58750,0.186
58750,0.078063
58750,-0.029812
58750,0.04123
58750,0.26479
58750,0.35077
58750,0.26479
58750,0.17722
58750,-0.00603
58750,-0.22245
58750,-0.076585
58750,0.21594
58750,0.34193
58750,0.31784
58750,0.17258
58750,0.069708
58750,0.11008
58750,0.09715
58750,-0.044143
58750,-0.088842
58750,-0.08189
58750,-0.10348
58750,-0.11403
58750,-0.1022
58750,-0.031642
58750,0.043791
58750,0.072818
58750,0.12831
58750,0.10935
58750,-0.010482
58750,-0.16495
58750,-0.20971
58750,-0.15055
58750,-0.02219
58750,0.020131
58750,0.022265
58750,0.13856
58750,0.16551
58750,0.039645
58750,-0.037191
58750,-0.099087
58750,-0.15037
58750,-0.1844
58750,-0.12805
58750,-0.178
58750,-0.23611
58750,-0.079817
58750,0.11288
58750,0.15734
58750,-0.002615
58750,-0.13378
58750,-0.075975
58750,0.15246
58750,0.13892
58750,0.046475
58750,0.030985
58750,0.087027
58750,0.09965
58750,0.12862
58750,0.23667
58750,0.27149
58750,0.26716
58750,0.063244
58750,0.033547
58750,0.26454
58750,0.38199
58750,0.26649
58750,0.18234
58750,0.22039
58750,0.25113
58750,0.31814
58750,0.33632
58750,0.22399
58750,0.0023244
58750,-0.21757
58750,-0.15562
58750,0.032449
58750,0.12154
58750,0.0059223
58750,-0.198
58750,-0.32551
58750,-0.27258
58750,-0.11451
58750,-0.048229
58750,-0.17964
58750,-0.36069
58750,-0.48089
58750,-0.38582
58750,-0.19562
58750,-0.19098
58750,-0.258
58750,-0.21489
58750,-0.15427
58750,-0.16019
58750,-0.23135
58750,-0.32837
58750,-0.42058
58750,-0.28965
58750,-0.0019442
58750,0.1921
58750,0.18679
58750,0.11264
58750,0.095686
58750,0.13484
58750,0.21124
58750,0.16844
58750,0.12526
58750,0.22515
58750,0.31839
58750,0.17953
58750,0.12093
58750,0.36101
58750,0.60238
58750,0.51578
58750,0.23893
58750,0.042572
58750,0.014033
58750,0.04062
58750,0.042938
58750,0.028973
58750,0.03251
58750,0.013484
58750,-0.012677
58750,0.018667
58750,0.040498
58750,0.045377
58750,0.11008
58750,0.063305
58750,-0.098355
58750,-0.17525
58750,-0.051217
58750,0.02446
58750,-0.019934
58750,-0.018104
58750,0.11587
58750,0.4345
58750,0.60658
58750,0.3343
58750,-0.20696
58750,-0.41881
58750,-0.20928
58750,0.10483
58750,0.15837
58750,-0.034813
58750,-0.28721
58750,-0.28142
58750,0.033547
58750,0.28217
58750,0.22905
58750,-0.036033
58750,-0.14763
58750,0.0022024
58750,0.24326
58750,0.26777
58750,0.066781
58750,-0.065547
58750,0.073367
58750,0.16959
58750,0.046048
58750,-0.098904
58750,-0.10854
58750,0.032937
58750,0.12343
58750,-0.042253
58750,-0.18726
58750,-0.13305
58750,0.020558
58750,-0.0043225
58750,-0.16074
58750,-0.24318
58750,-0.067255
58750,0.30747
58750,0.46993
58750,0.22911
58750,-0.22715
58750,-0.40259
58750,-0.13769
58750,0.26942
58750,0.41431
58750,0.092637
58750,-0.34155
58750,-0.39387
58750,-0.12232
58750,0.10185
58750,0.10142
58750,-0.021824
58750,-0.094696
58750,0.058244
58750,0.20881
58750,0.21344
58750,0.064159
58750,0.034888
58750,0.0891
58750,0.11349
58750,-0.072194
58750,-0.29843
58750,-0.41954
58750,-0.21367
58750,0.048914
58750,0.1052
58750,0.041779
58750,-0.05701
58750,-0.088598
58750,-0.089452
58750,-0.082988
58750,-0.069999
58750,0.015374
58750,0.18399
58750,0.33229
58750,0.29857
58750,0.1324
58750,-0.026337
58750,0.067086
58750,0.29351
58750,0.32241
58750,0.10239
58750,-0.10897
58750,-0.16074
58750,-0.019263
58750,0.084405
58750,0.006654
58750,-0.12055
58750,-0.10775
58750,0.029461
58750,0.079282
58750,-0.00035874
58750,-0.0015174
58750,0.27259
58750,0.60414
58750,0.60341
58750,0.27338
58750,-0.066401
58750,-0.06134
58750,0.11807
58750,0.16972
58750,0.062086
58750,-0.083719
58750,-0.09555
58750,-0.0228
58750,-0.038838
58750,-0.2041
58750,-0.33972
58750,-0.16928
58750,0.11508
58750,0.16331
58750,-0.038045
58750,-0.22141
58750,-0.14403
58750,0.089039
58750,0.25905
58750,0.19191
58750,0.069647
58750,0.12386
58750,0.22832
58750,0.20685
58750,0.072696
58750,0.028546
58750,0.11416
58750,0.088429
58750,-0.091647
58750,-0.28179
58750,-0.26495
58750,-0.04646
58750,0.22161
58750,0.34906
58750,0.21936
58750,0.037876
58750,-0.039813
58750,0.064281
58750,0.28125
58750,0.36839
58750,0.23832
58750,0.0047636
58750,-0.019812
58750,0.18185
58750,0.33534
58750,0.22881
58750,-0.073902
58750,-0.24867
58750,-0.1933
58750,-0.058047
58750,0.045987
58750,0.055073
58750,-0.051339
58750,-0.24526
58750,-0.3199
58750,-0.21971
58750,-0.066706
58750,-0.05701
58750,-0.13013
58750,-0.25117
58750,-0.30038
58750,-0.23849
58750,-0.10098
58750,-0.04207
58750,-0.06945
58750,-0.18031
58750,-0.25008
58750,-0.23605
58750,-0.040179
58750,0.15764
58750,0.19185
58750,0.20643
58750,0.18057
58750,0.081477
58750,-0.079817
58750,-0.12421
58750,0.0057393
58750,0.28552
58750,0.45011
58750,0.24503
58750,-0.084756
58750,-0.25477
58750,-0.030483
58750,0.34589
58750,0.51499
58750,0.28399
58750,-0.069938
58750,-0.12183
58750,0.12325
58750,0.42645
58750,0.54542
58750,0.40925
58750,0.14398
58750,-0.10146
58750,-0.090854
58750,0.11465
58750,0.2049
58750,0.060439
58750,-0.15171
58750,-0.14122
58750,-0.031459
58750,-0.0079204
58750,-0.063657
58750,-0.19037
58750,-0.29288
58750,-0.13574
58750,0.24966
58750,0.48596
58750,0.33479
58750,0.011898
58750,-0.22446
58750,-0.24032
58750,-0.09061
58750,0.0057393
58750,-0.085854
58750,-0.14275
58750,-0.072621
58750,-0.11848
58750,-0.14476
58750,-0.069816
58750,0.0064101
58750,0.052268
58750,0.16289
58750,0.10093
58750,-0.082988
58750,-0.15671
58750,0.012081
58750,0.2482
58750,0.32412
58750,-0.0048103
58750,-0.25812
58750,-0.090976
58750,0.17386
58750,0.19508
58750,-0.009079
58750,-0.26941
58750,-0.32783
58750,-0.095184
58750,0.24893
58750,0.31814
58750,0.1535
58750,-0.054083
58750,-0.039264
58750,0.21716
58750,0.35943
58750,0.13014
58750,-0.15501
58750,-0.19025
58750,-0.025788
58750,0.068672
58750,0.014947
58750,-0.077256
58750,-0.16488
58750,-0.27178
58750,-0.27825
58750,-0.17434
58750,-0.050363
58750,-0.074755
58750,-0.13183
58750,-0.16281
58750,-0.15629
58750,-0.059876
58750,0.067757
58750,0.20246
58750,0.16472
58750,-0.10555
58750,-0.27983
58750,-0.23245
58750,-0.041216
58750,0.13045
58750,0.097211
58750,-0.044143
58750,-0.10787
58750,-0.036947
58750,0.067452
58750,0.070013
58750,-0.10762
58750,-0.17373
58750,0.026107
58750,0.22539
58750,0.2257
58750,-0.0035907
58750,-0.17604
58750,-0.074146
58750,0.13429
58750,0.18935
58750,0.14764
58750,0.079038
58750,0.027022
58750,0.056841
58750,0.13331
58750,0.1638
58750,0.1002
58750,-0.033044
58750,-0.090671
58750,0.016106
58750,0.23015
58750,0.38742
58750,0.37894
58750,0.20082
58750,0.0014707
58750,-0.11836
58750,-0.097074
58750,0.020619
58750,0.050194
58750,-0.031276
58750,-0.13403
58750,-0.11317
58750,0.07294
58750,0.16478
58750,0.017082
58750,-0.25447
58750,-0.32154
58750,-0.18397
58750,-0.043594
58750,0.0046417
58750,-0.011274
58750,-0.067925
58750,-0.12214
58750,-0.073719
58750,-0.0056641
58750,0.076233
58750,0.11825
58750,0.10617
58750,-0.036886
58750,-0.12799
58750,-0.15318
58750,0.025314
58750,0.21442
58750,0.13557
58750,-0.20471
58750,-0.2841
58750,0.06983
58750,0.47456
58750,0.47749
58750,0.10636
58750,-0.24325
58750,-0.21855
58750,0.13551
58750,0.33125
58750,0.19301
58750,0.071355
58750,0.14978
58750,0.19637
58750,0.25003
58750,0.13941
58750,-0.14068
58750,-0.18476
58750,0.11477
58750,0.24911
58750,0.14984
58750,-0.091464
58750,-0.26276
58750,-0.17373
58750,0.076843
58750,0.09904
58750,-0.14592
58750,-0.3188
58750,-0.26764
58750,-0.15141
58750,-0.15275
58750,-0.30038
58750,-0.42033
58750,-0.32587
58750,-0.065425
58750,0.020131
58750,-0.091098
58750,-0.056461
58750,0.13575
58750,0.17831
58750,0.086722
58750,-0.016397
58750,-0.084817
58750,-0.081158
58750,-0.013957
58750,-0.056766
58750,-0.095855
58750,0.0031172
58750,0.19691
58750,0.25119
58750,0.12221
58750,-0.10311
58750,-0.08994
58750,0.20582
58750,0.46084
58750,0.47297
58750,0.19722
58750,-0.074085
58750,-0.068657
58750,0.20545
58750,0.40894
58750,0.3915
58750,0.25997
58750,0.16362
58750,0.022631
58750,-0.099087
58750,-0.16153
58750,-0.2058
58750,-0.055424
58750,0.13587
58750,0.12313
58750,-0.10555
58750,-0.24776
58750,-0.0065788
58750,0.35614
58750,0.4612
58750,0.1488
58750,-0.24959
58750,-0.24257
58750,0.11916
58750,0.37681
58750,0.27613
58750,0.043791
58750,-0.21269
58750,-0.25233
58750,-0.068535
58750,0.11422
58750,-0.012311
58750,-0.36624
58750,-0.46717
58750,-0.16306
58750,0.25253
58750,0.38894
58750,0.16618
58750,-0.18281
58750,-0.31965
58750,-0.13311
58750,0.28936
58750,0.51804
58750,0.18588
58750,-0.39765
58750,-0.56071
58750,-0.12159
58750,0.28558
58750,0.2507
58750,-0.025788
58750,-0.17013
58750,-0.21007
58750,-0.35832
58750,-0.25111
58750,0.10959
58750,0.54804
58750,0.55792
58750,0.18429
58750,-0.22666
58750,-0.32063
58750,0.066537
58750,0.51249
58750,0.57993
58750,0.21216
58750,-0.24398
58750,-0.27294
58750,0.18905
58750,0.46846
58750,0.21936
58750,-0.27447
58750,-0.40728
58750,-0.092257
58750,0.24058
58750,0.2299
58750,-0.15159
58750,-0.38301
58750,-0.34399
58750,-0.01164
58750,0.27235
58750,0.25661
58750,-0.082134
58750,-0.40789
58750,-0.49595
58750,-0.26703
58750,-0.13775
58750,-0.28246
58750,-0.37106
58750,-0.31721
58750,-0.15202
58750,0.003605
58750,0.030437
58750,0.062878
58750,0.085197
58750,0.011167
58750,0.11477
58750,0.26046
58750,0.072513
58750,-0.21117
58750,-0.10531
58750,0.13679
58750,0.33662
58750,0.30046
58750,0.044645
58750,-0.049143
58750,0.074953
58750,0.17155
58750,0.31595
58750,0.40687
58750,0.33985
58750,0.19399
58750,0.01885
58750,-0.13738
58750,0.059341
58750,0.34674
58750,0.39937
58750,0.24613
58750,-0.046338
58750,-0.26136
58750,-0.11147
58750,0.10703
58750,0.082148
58750,-0.12939
58750,-0.37356
58750,-0.28142
58750,0.057817
58750,0.21222
58750,-0.030971
58750,-0.3249
58750,-0.39856
58750,-0.22471
58750,0.03873
58750,0.05056
58750,-0.23532
58750,-0.4582
58750,-0.33996
58750,-0.064084
58750,0.108
58750,0.15508
58750,0.21588
58750,0.36175
58750,0.47328
58750,0.35589
58750,0.1249
58750,0.019582
58750,0.029278
58750,-0.010604
58750,-0.024202
58750,-0.033959
58750,-0.049326
58750,-0.010847
58750,0.10916
58750,0.21673
58750,0.29912
58750,0.2471
58750,-0.047314
58750,-0.26733
58750,-0.25075
58750,-0.11775
58750,0.017448
58750,0.032815
58750,-0.085976
58750,-0.14891
58750,-0.070365
58750,0.072391
58750,0.20673
58750,0.19411
58750,-0.018348
58750,-0.29209
58750,-0.3746
58750,-0.28282
58750,-0.13269
58750,-0.095489
58750,-0.12147
58750,0.038547
58750,0.40254
58750,0.62116
58750,0.45566
58750,0.089283
58750,-0.19141
58750,-0.15555
58750,-0.069145
58750,-0.31429
58750,-0.5265
58750,-0.43357
58750,-0.16537
58750,0.061964
58750,0.066171
58750,-0.0029199
58750,0.12038
58750,0.35132
58750,0.30296
58750,-0.021153
58750,-0.26959
58750,-0.26428
58750,-0.089513
58750,0.21917
58750,0.31668
58750,0.071477
58750,-0.15927
58750,-0.13305
58750,0.050316
58750,0.20972
58750,0.19582
58750,0.12575
58750,-0.02408
58750,-0.27874
58750,-0.38039
58750,-0.096038
58750,0.34058
58750,0.60207
58750,0.67531
58750,0.49657
58750,0.27003
58750,0.24405
58750,0.30522
58750,0.46566
58750,0.30223
58750,-0.0063349
58750,-0.4157
58750,-0.6048
58750,-0.52107
58750,-0.22215
58750,-0.083537
58750,0.070745
58750,0.36888
58750,0.53987
58750,0.19301
58750,-0.37539
58750,-0.53534
58750,-0.28227
58750,-0.002798
58750,0.029827
58750,-0.017555
58750,0.032083
58750,0.22771
58750,0.38638
58750,0.16459
58750,-0.1558
58750,-0.17336
58750,0.087149
58750,0.072208
58750,-0.33222
58750,-0.60876
58750,-0.35484
58750,0.21533
58750,0.43193
58750,0.27259
58750,0.13532
58750,0.19728
58750,0.25302
58750,0.43785
58750,0.32174
58750,0.08038
58750,0.034156
58750,-0.0077374
58750,-0.040606
58750,-0.14641
58750,-0.19538
58750,-0.34569
58750,-0.30331
58750,-0.188
58750,0.0090323
58750,-0.022434
58750,0.058915
58750,-0.033288
58750,0.070074
58750,0.097332
58750,0.12587
58750,0.2024
58750,0.17941
58750,0.07916
58750,-0.046521
58750,0.11239
58750,0.27338
58750,0.25503
58750,-0.0044445
58750,-0.2991
58750,-0.49241
58750,-0.29087
58750,0.093613
58750,0.16813
58750,-0.16031
58750,-0.62108
58750,-0.76262
58750,-0.34295
58750,0.37925
58750,0.75221
58750,0.5864
58750,0.16045
58750,-0.087012
58750,-0.020117
58750,0.20966
58750,0.24082
58750,0.20448
58750,-0.16781
58750,-0.50796
58750,-0.56766
58750,-0.24483
58750,0.13569
58750,0.16063
58750,-0.005908
58750,0.021046
58750,0.15965
58750,0.079831
58750,-0.088354
58750,-0.20678
58750,-0.19312
58750,-0.036947
58750,0.28967
58750,0.46614
58750,0.35516
58750,0.1796
58750,-0.014201
58750,-0.0034078
58750,0.16642
58750,0.27686
58750,0.12124
58750,-0.14415
58750,-0.1722
58750,-0.0050543
58750,0.18752
58750,0.22747
58750,0.088917
58750,0.034949
58750,0.10349
58750,0.060073
58750,-0.04274
58750,-0.086647
58750,-0.14129
58750,-0.15427
58750,0.045499
58750,0.30418
58750,0.26198
58750,0.12868
58750,0.10617
58750,-0.0038347
58750,-0.18635
58750,-0.29441
58750,-0.5065
58750,-0.59187
58750,-0.2444
58750,0.12075
58750,0.17502
58750,0.08349
58750,0.00086087
58750,0.0039709
58750,0.13837
58750,0.13429
58750,-0.073048
58750,-0.18952
58750,-0.098538
58750,0.052451
58750,0.21868
58750,0.24521
58750,0.10569
58750,-0.090793
58750,-0.1122
58750,-0.085549
58750,0.0047027
58750,0.090503
58750,0.17301
58750,0.071416
58750,-0.015543
58750,0.064281
58750,0.1127
58750,0.04373
58750,-0.12506
58750,-0.22154
58750,-0.24068
58750,-0.11976
58750,0.032571
58750,0.13697
58750,0.16173
58750,0.13313
58750,0.095808
58750,0.11947
58750,0.14423
58750,0.11581
58750,-0.06445
58750,-0.2713
58750,-0.24373
58750,-0.076341
58750,-0.051583
58750,-0.12305
58750,-0.1375
58750,-0.052009
58750,-0.072011
58750,-0.087012
58750,-0.07506
58750,-0.14629
58750,-0.25849
58750,-0.31752
58750,-0.28563
58750,-0.16342
58750,0.10221
58750,0.41547
58750,0.59512
58750,0.63049
58750,0.38516
58750,-0.0085912
58750,-0.27496
58750,-0.18501
58750,-0.013409
58750,-0.032069
58750,-0.18092
58750,-0.21873
58750,0.013728
58750,0.40309
58750,0.63604
58750,0.36882
58750,-0.18964
58750,-0.47326
58750,-0.27715
58750,0.064586
58750,0.1938
58750,0.13477
58750,0.14606
58750,0.28485
58750,0.53664
58750,0.54835
58750,0.31955
58750,-0.0022491
58750,-0.091586
58750,-0.010725
58750,0.030315
58750,-0.09305
58750,-0.19062
58750,-0.028776
58750,0.30491
58750,0.39474
58750,0.12624
58750,-0.15031
58750,-0.11342
58750,0.14496
58750,0.2965
58750,0.069342
58750,-0.30868
58750,-0.34167
58750,-0.25508
58750,-0.15214
58750,0.00055597
58750,0.084588
58750,-0.022129
58750,-0.18952
58750,-0.3027
58750,-0.31728
58750,-0.22666
58750,-0.20233
58750,-0.18787
58750,-0.039082
58750,0.17069
58750,0.28589
58750,0.2679
58750,0.052451
58750,-0.098965
58750,0.11246
58750,0.25802
58750,0.041596
58750,-0.10854
58750,-0.16013
58750,-0.054083
58750,0.22539
58750,0.48047
58750,0.31997
58750,-0.086159
58750,-0.3252
58750,-0.35478
58750,-0.098355
58750,0.24271
58750,0.33827
58750,0.035864
58750,-0.18172
58750,0.0023244
58750,0.36034
58750,0.40205
58750,-0.04646
58750,-0.4546
58750,-0.30404
58750,0.047938
58750,-0.032618
58750,-0.30093
58750,-0.26642
58750,-0.067986
58750,0.048121
58750,0.023668
58750,-0.16629
58750,-0.24721
58750,-0.21428
58750,-0.18928
58750,-0.24148
58750,-0.2158
58750,-0.1325
58750,-0.04396
58750,0.031229
58750,0.064037
58750,0.018484
58750,-0.071584
58750,-0.064572
58750,-0.072194
58750,-0.032983
58750,-0.08933
58750,-0.17196
58750,-0.16836
58750,0.045621
58750,0.25125
58750,0.30034
58750,0.33369
58750,0.31077
58750,0.21253
58750,0.23533
58750,0.21551
58750,0.077819
58750,-0.038472
58750,-0.0096278
58750,-0.010482
58750,0.086844
58750,0.15526
58750,0.1746
58750,0.16929
58750,0.17856
58750,0.084405
58750,-0.053778
58750,-0.097013
58750,-0.083659
58750,-0.10421
58750,-0.13122
58750,-0.13439
58750,0.012569
58750,0.19313
58750,0.37833
58750,0.30211
58750,0.12026
58750,-0.12946
58750,-0.10409
58750,-0.0082862
58750,0.040986
58750,-0.11256
58750,-0.33716
58750,-0.36033
58750,-0.27544
58750,-0.12464
58750,-0.072194
58750,0.0053735
58750,-0.023105
58750,-0.063779
58750,-0.064328
58750,-0.063596
58750,-0.13769
58750,-0.25386
58750,-0.27807
58750,-0.12659
58750,0.060378
58750,0.12764
58750,0.05367
58750,-0.052863
58750,-0.064267
58750,0.060317
58750,0.25064
58750,0.23454
58750,0.019765
58750,-0.18635
58750,-0.1358
58750,0.19661
58750,0.38333
58750,0.3132
58750,0.26966
58750,0.39321
58750,0.53353
58750,0.42504
58750,0.20246
58750,0.18197
58750,0.34504
58750,0.39644
58750,0.23466
58750,-0.026641
58750,-0.21446
58750,-0.17086
58750,0.0044587
58750,0.20801
58750,0.14575
58750,-0.1336
58750,-0.28154
58750,-0.16434
58750,-0.12775
58750,-0.36722
58750,-0.61047
58750,-0.57852
58750,-0.35447
58750,-0.22416
58750,-0.15263
58750,-0.1072
58750,-0.1258
58750,-0.16678
58750,-0.033227
58750,0.058427
58750,-0.21032
58750,-0.45046
58750,-0.36417
58750,-0.092257
58750,0.12794
58750,0.17581
58750,0.12599
58750,0.24119
58750,0.38632
58750,0.35711
58750,0.24442
58750,0.09099
58750,-0.033288
58750,-0.028044
58750,0.070074
58750,0.24271
58750,0.30503
58750,0.20655
58750,0.18941
58750,0.3143
58750,0.40443
58750,0.39937
58750,0.36547
58750,0.15417
58750,-0.029569
58750,0.014947
58750,0.099772
58750,0.18606
58750,0.14471
58750,-0.0015784
58750,-0.088171
58750,-0.1039
58750,-0.061644
58750,0.03934
58750,0.10172
58750,-0.11122
58750,-0.20611
58750,-0.090001
58750,0.094771
58750,0.13477
58750,0.019521
58750,-0.13421
58750,-0.13232
58750,0.15709
58750,0.41913
58750,0.41096
58750,0.1216
58750,-0.048534
58750,-0.089635
58750,-0.087622
58750,-0.060974
58750,-0.016641
58750,0.0093982
58750,0.037083
58750,0.1138
58750,0.15411
58750,0.22814
58750,0.14081
58750,0.022204
58750,-0.12324
58750,-0.15592
58750,-0.16745
58750,-0.13019
58750,-0.055668
58750,0.070867
58750,0.10496
58750,-0.050424
58750,-0.10311
58750,-0.0082253
58750,0.0087884
58750,-0.13976
58750,-0.31837
58750,-0.24056
58750,0.0064711
58750,0.19136
58750,0.21356
58750,0.072635
58750,-0.022861
58750,0.06239
58750,0.15984
58750,0.097698
58750,0.035254
58750,0.19521
58750,0.28192
58750,0.094283
58750,-0.18891
58750,-0.2477
58750,-0.041216
58750,0.17649
58750,0.2185
58750,0.14978
58750,0.10319
58750,0.11709
58750,0.17179
58750,0.14679
58750,0.027631
58750,0.014521
58750,-0.0078594
58750,-0.059632
58750,-0.1172
58750,-0.17482
58750,-0.25392
58750,-0.26434
58750,-0.28087
58750,-0.29441
58750,-0.25294
58750,-0.13049
58750,-0.13104
58750,-0.17464
58750,-0.25666
58750,-0.11201
58750,0.2393
58750,0.3787
58750,0.22125
58750,0.046718
58750,-0.11384
58750,0.010435
58750,0.34449
58750,0.49462
58750,0.33808
58750,0.12782
58750,-0.0074935
58750,-0.061644
58750,0.018362
58750,0.14478
58750,0.17588
58750,0.1291
58750,0.15874
58750,0.29332
58750,0.46944
58750,0.56865
58750,0.55274
58750,0.25997
58750,0.14587
58750,0.057634
58750,0.032754
58750,-0.076768
58750,-0.23599
58750,-0.47631
58750,-0.55138
58750,-0.40265
58750,-0.12336
58750,-0.016885
58750,-0.17543
58750,-0.28575
58750,-0.24818
58750,-0.070365
58750,0.097211
58750,0.1352
58750,0.039584
58750,-0.065791
58750,0.028485
58750,0.21423
58750,0.2368
58750,-0.019934
58750,-0.19977
58750,-0.12647
58750,-0.042679
58750,-0.14964
58750,-0.27002
58750,-0.22337
58750,-0.061218
58750,0.034278
58750,0.12569
58750,0.16112
58750,0.20777
58750,0.35644
58750,0.65134
58750,0.78629
58750,0.50676
58750,0.21082
58750,0.13819
58750,0.36162
58750,0.31869
58750,0.030376
58750,-0.46119
58750,-0.64383
58750,-0.44034
58750,-0.22867
58750,-0.36082
58750,-0.33069
58750,0.038913
58750,0.3773
58750,0.43626
58750,0.11124
58750,-0.22416
58750,-0.25806
58750,0.022387
58750,0.31192
58750,0.27893
58750,0.068306
58750,-0.09372
58750,-0.018165
58750,0.0078127
58750,-0.07756
58750,-0.17123
58750,-0.18672
58750,-0.27355
58750,-0.41911
58750,-0.48924
58750,-0.36594
58750,-0.1794
58750,0.020741
58750,0.15057
58750,0.099589
58750,-0.1022
58750,-0.11567
58750,0.051719
58750,0.2604
58750,0.39102
58750,0.30662
58750,0.10245
58750,0.088185
58750,0.24759
58750,0.30381
58750,0.20478
58750,0.018667
58750,-0.15281
58750,-0.18842
58750,-0.084268
58750,0.017265
58750,0.1002
58750,0.12636
58750,0.11874
58750,0.11849
58750,0.14429
58750,0.16917
58750,0.18021
58750,0.1849
58750,0.1552
58750,0.07855
58750,0.043974
58750,0.19076
58750,0.38833
58750,0.43864
58750,0.19746
58750,-0.097013
58750,-0.076097
58750,0.18283
58750,0.29948
58750,-0.010908
58750,-0.27739
58750,-0.27166
58750,-0.072926
58750,0.044401
58750,-0.093598
58750,-0.2727
58750,-0.30654
58750,-0.11958
58750,-0.013592
58750,-0.091952
58750,-0.22105
58750,-0.31313
58750,-0.2416
58750,-0.037313
58750,0.073672
58750,0.077941
58750,0.097942
58750,0.12666
58750,-0.0072496
58750,-0.048107
58750,0.030071
58750,0.091356
58750,0.13904
58750,0.15252
58750,0.03001
58750,-0.081585
58750,-0.071889
58750,0.049402
58750,0.21978
58750,0.21576
58750,-0.0060909
58750,-0.1125
58750,-0.019934
58750,0.14106
58750,0.26448
58750,0.28345
58750,0.19801
58750,0.073306
58750,0.031473
58750,0.10063
58750,0.20533
58750,0.20429
58750,0.10038
58750,-0.041277
58750,-0.095977
58750,0.015008
58750,0.078428
58750,-0.019019
58750,-0.18598
58750,-0.25209
58750,-0.20385
58750,-0.050241
58750,0.058732
58750,-0.01286
58750,-0.13586
58750,-0.17013
58750,-0.010238
58750,0.13179
58750,0.099894
58750,-0.015482
58750,-0.15068
58750,-0.23806
58750,-0.24257
58750,-0.11628
58750,-0.036581
58750,-0.13208
58750,-0.26703
58750,-0.3724
58750,-0.29374
58750,-0.049509
58750,0.12612
58750,0.10215
58750,-0.067011
58750,-0.057254
58750,0.091661
58750,0.27241
58750,0.26643
58750,0.20746
58750,0.17984
58750,0.17508
58750,0.16783
58750,0.047633
58750,-0.15153
58750,-0.22678
58750,-0.10647
58750,0.071294
58750,0.16459
58750,0.13264
58750,0.013179
58750,-0.044509
58750,0.1227
58750,0.31583
58750,0.45486
58750,0.37297
58750,0.23131
58750,0.14246
58750,0.1774
58750,0.14758
58750,0.19758
58750,0.27954
58750,0.2382
58750,0.013972
58750,-0.28355
58750,-0.37661
58750,-0.25782
58750,-0.15726
58750,-0.074877
58750,-0.05079
58750,-0.089452
58750,-0.14305
58750,-0.1308
58750,-0.13385
58750,-0.14927
58750,-0.059998
58750,0.054402
58750,0.079526
58750,-0.014445
58750,-0.11403
58750,-0.10397
58750,0.063183
58750,0.13343
58750,-0.034386
58750,-0.24599
58750,-0.12994
58750,0.13185
58750,0.26875
58750,0.20368
58750,-0.0067007
58750,-0.11708
58750,0.10075
58750,0.30387
58750,0.2968
58750,0.15996
58750,0.063061
58750,0.10611
58750,0.27588
58750,0.39925
58750,0.12557
58750,-0.20117
58750,-0.27496
58750,-0.020604
58750,0.25924
58750,0.2435
58750,-0.0564
58750,-0.30648
58750,-0.14031
58750,0.12209
58750,0.14264
58750,-0.064572
58750,-0.23532
58750,-0.26465
58750,-0.13153
58750,-0.091891
58750,-0.21739
58750,-0.21586
58750,-0.16001
58750,-0.36258
58750,-0.54364
58750,-0.35008
58750,-0.066645
58750,0.062451
58750,0.0073248
58750,-0.086403
58750,-0.22739
58750,-0.18891
58750,0.13185
58750,0.50834
58750,0.47127
58750,-0.01036
58750,-0.25325
58750,0.10678
58750,0.54493
58750,0.45108
58750,-0.01658
58750,-0.24196
58750,-0.14379
58750,0.0070199
58750,0.11538
58750,0.22161
58750,0.2843
58750,0.18954
58750,-0.064572
58750,-0.14751
58750,0.11788
58750,0.42334
58750,0.48712
58750,0.26918
58750,0.0054954
58750,-0.13592
58750,0.083063
58750,0.42675
58750,0.33741
58750,-0.28471
58750,-0.69005
58750,-0.34301
58750,0.36022
58750,0.72513
58750,0.354
58750,-0.2255
58750,-0.36045
58750,-0.046765
58750,0.22844
58750,0.20844
58750,0.024277
58750,-0.19452
58750,-0.22709
58750,-0.028166
58750,0.080624
58750,-0.029812
58750,-0.062742
58750,0.047816
58750,0.072696
58750,-0.093659
58750,-0.28892
58750,-0.25751
58750,0.011228
58750,0.18057
58750,0.09099
58750,-0.023166
58750,-0.07067
58750,-0.1361
58750,-0.14458
58750,0.01574
58750,0.18325
58750,0.29497
58750,0.23606
58750,-0.070975
58750,-0.36222
58750,-0.34039
58750,-0.057803
58750,0.14032
58750,0.23936
58750,0.044706
58750,-0.2477
58750,-0.32008
58750,-0.020117
58750,0.3326
58750,0.57786
58750,0.42309
58750,0.12099
58750,-0.0055421
58750,0.11142
58750,0.30107
58750,0.41907
58750,0.33052
58750,0.0015926
58750,-0.16873
58750,-0.13641
58750,0.0081786
58750,0.0083005
58750,-0.12909
58750,-0.29941
58750,-0.21477
58750,0.017814
58750,0.058061
58750,-0.1075
58750,-0.36374
58750,-0.55748
58750,-0.47796
58750,-0.18934
58750,0.083429
58750,0.089283
58750,-0.20227
58750,-0.44271
58750,-0.51077
58750,-0.45552
58750,-0.14409
58750,0.20344
58750,0.3054
58750,0.014277
58750,-0.37783
58750,-0.51839
58750,-0.18916
58750,0.48267
58750,0.77849
58750,0.44218
58750,-0.11012
58750,-0.32874
58750,-0.1722
58750,0.1291
58750,0.3465
58750,0.33382
58750,0.23893
58750,0.16569
58750,0.10038
58750,0.032144
58750,0.08166
58750,0.33339
58750,0.54975
58750,0.46791
58750,0.19063
58750,-0.071706
58750,-0.03652
58750,0.27552
58750,0.42053
58750,0.24198
58750,-0.099879
58750,-0.26654
58750,-0.11269
58750,-0.020238
58750,-0.13872
58750,-0.25093
58750,-0.10537
58750,-0.0071886
58750,-0.080792
58750,-0.1919
58750,-0.28666
58750,-0.1694
58750,0.045255
58750,0.12203
58750,0.0045807
58750,-0.072682
58750,-0.026702
58750,0.03684
58750,0.017509
58750,-0.22379
58750,-0.39247
58750,-0.32673
58750,-0.15336
58750,0.065927
58750,0.17801
58750,0.18057
58750,0.20868
58750,0.36504
58750,0.22673
58750,0.080502
58750,0.024582
58750,0.099101
58750,0.092637
58750,-0.042984
58750,-0.18452
58750,-0.070914
58750,0.20685
58750,0.34339
58750,0.1971
58750,-0.12738
58750,-0.24953
58750,-0.060181
58750,0.1013
58750,0.087698
58750,-0.037679
58750,-0.15055
58750,-0.28276
58750,-0.15299
58750,0.1266
58750,0.24314
58750,0.1885
58750,0.078306
58750,-0.033959
58750,-0.088293
58750,-0.13403
58750,-0.13
58750,-0.086281
58750,-0.076463
58750,-0.30051
58750,-0.46534
58750,-0.25825
58750,0.10727
58750,0.24332
58750,0.033791
58750,-0.17891
58750,-0.11122
58750,0.11526
58750,-0.047436
58750,-0.44442
58750,-0.57583
58750,-0.35947
58750,0.12423
58750,0.55676
58750,0.4884
58750,-0.12311
58750,-0.33435
58750,-0.011091
58750,0.38199
58750,0.35492
58750,0.025741
58750,-0.21702
58750,-0.14927
58750,0.078063
58750,0.22045
58750,0.12368
58750,0.20021
58750,0.41108
58750,0.48291
58750,0.29576
58750,0.085685
58750,0.011045
58750,0.093003
58750,0.23192
58750,0.21356
58750,-0.030056
58750,-0.11421
58750,0.22783
58750,0.48785
58750,0.33284
58750,-0.12086
58750,-0.21849
58750,0.03501
58750,0.17636
58750,-0.012311
58750,-0.25788
58750,-0.41442
58750,-0.35057
58750,-0.16488
58750,-0.0022491
58750,-0.011518
58750,-0.20757
58750,-0.14043
58750,0.12679
58750,0.20807
58750,-0.052375
58750,-0.30404
58750,-0.21373
58750,0.068184
58750,0.161
58750,-0.20897
58750,-0.38875
58750,-0.06884
58750,0.44511
58750,0.62201
58750,0.4287
58750,0.11611
58750,-0.028227
58750,0.012752
58750,0.10349
58750,0.17941
58750,0.14789
58750,0.044035
58750,0.18466
58750,0.48956
58750,0.49224
58750,0.4645
58750,0.3215
58750,0.45407
58750,0.3579
58750,-0.10488
58750,-0.75792
58750,-0.74926
58750,-0.33947
58750,-0.017799
58750,-0.055973
58750,-0.38393
58750,-0.36368
58750,0.06855
58750,0.35711
58750,0.17527
58750,-0.22709
58750,-0.50638
58750,-0.31215
58750,0.19319
58750,0.23497
58750,-0.29435
58750,-0.64151
58750,-0.41137
58750,0.14014
58750,0.48474
58750,0.35595
58750,0.019887
58750,-0.10427
58750,-0.045241
58750,-0.018897
58750,-0.11067
58750,-0.24611
58750,-0.18641
58750,-0.018165
58750,0.0046417
58750,0.10581
58750,0.25131
58750,0.63
58750,0.81672
58750,0.65128
58750,0.3451
58750,-0.042923
58750,-0.20995
58750,-0.21971
58750,-0.078536
58750,-0.31886
58750,-0.60254
58750,-0.61901
58750,-0.11628
58750,0.23625
58750,0.28363
58750,0.1452
58750,0.043608
58750,0.12941
58750,0.21795
58750,0.15209
58750,0.017753
58750,0.1077
58750,0.60994
58750,0.86045
58750,0.68708
58750,0.088551
58750,-0.59486
58750,-0.66517
58750,-0.038777
58750,0.62311
58750,0.57798
58750,0.043669
58750,-0.54473
58750,-0.66182
58750,-0.27569
58750,0.023119
58750,-0.16037
58750,-0.63852
58750,-0.89604
58750,-0.52126
58750,0.25253
58750,0.55896
58750,0.36437
58750,0.21088
58750,0.19563
58750,0.16063
58750,0.17313
58750,0.11526
58750,-0.15745
58750,-0.46589
58750,-0.35106
58750,0.024521
58750,0.56304
58750,0.62097
58750,0.30668
58750,-0.14318
58750,-0.26977
58750,-0.054632
58750,0.065135
58750,0.064037
58750,-0.17647
58750,-0.50443
58750,-0.45131
58750,-0.28422
58750,-0.17617
58750,-0.0049323
58750,0.37138
58750,0.28613
58750,-0.39753
58750,-1.1936
58750,-1.5707
58750,-1.1457
58750,-0.088964
58750,0.98015
58750,1.2229
58750,0.53341
58750,-0.10006
58750,-0.0045054
58750,0.5295
58750,0.86795
58750,0.70702
58750,0.21204
58750,-0.1647
58750,-0.16598
58750,0.015496
58750,0.19063
58750,0.12349
58750,-0.17117
58750,-0.44869
58750,-0.7189
58750,-1.0448
58750,-1.1997
58750,-0.90391
58750,-0.33063
58750,0.20649
58750,0.46913
58750,0.21789
58750,-0.26026
58750,-0.27764
58750,0.29021
58750,0.9657
58750,1.3228
58750,1.2541
58750,0.91704
58750,0.53688
58750,0.48517
58750,0.61085
58750,0.7919
58750,0.7694
58750,0.54182
58750,0.19277
58750,-0.11342
58750,-0.20684
58750,-0.13976
58750,-0.017433
58750,-0.0034688
58750,-0.17098
58750,-0.4454
58750,-0.60407
58750,-0.5451
58750,-0.25556
58750,0.039035
58750,0.11014
58750,-0.045789
58750,-0.36234
58750,-0.45771
58750,-0.2058
58750,0.26832
58750,0.53542
58750,0.53828
58750,0.39449
58750,0.20935
58750,0.032876
58750,-0.097379
58750,-0.17232
58750,-0.31185
58750,-0.4943
58750,-0.60389
58750,-0.6245
58750,-0.65285
58750,-0.54595
58750,-0.45101
58750,-0.35569
58750,-0.26941
58750,-0.1755
58750,-0.34935
58750,-0.46802
58750,-0.40064
58750,-0.18129
58750,-0.034996
58750,0.083795
58750,0.20698
58750,0.29662
58750,0.35918
58750,0.50218
58750,0.70165
58750,0.86532
58750,1.0161
58750,1.03
58750,0.9088
58750,0.62909
58750,0.38852
58750,0.23539
58750,0.23308
58750,0.25588
58750,0.13386
58750,-0.019568
58750,-0.060547
58750,-0.10744
58750,-0.19025
58750,-0.13208
58750,0.088795
58750,0.22606
58750,0.21454
58750,0.17917
58750,0.24545
58750,0.34266
58750,0.36931
58750,0.45901
58750,0.5184
58750,0.37534
58750,0.24802
58750,0.14563
58750,0.16087
58750,0.2357
58750,0.19563
58750,-0.1583
58750,-0.53083
58750,-0.765
58750,-0.72237
58750,-0.58785
58750,-0.57407
58750,-0.72012
58750,-0.73451
58750,-0.53479
58750,-0.36411
58750,-0.33155
58750,-0.35173
58750,-0.37356
58750,-0.30179
58750,-0.035423
58750,0.057695
58750,-0.060425
58750,-0.14708
58750,-0.021397
58750,0.10904
58750,0.2157
58750,0.26027
58750,0.13166
58750,-0.10403
58750,-0.20983
58750,-0.18751
58750,-0.15604
58750,-0.15452
58750,-0.18452
58750,-0.26593
58750,-0.31093
58750,-0.1808
58750,0.092027
58750,0.19874
58750,0.079953
58750,-0.075609
58750,-0.087012
58750,0.031778
58750,0.080746
58750,0.051963
58750,0.048304
58750,0.098186
58750,0.21131
58750,0.33693
58750,0.23454
58750,-0.042375
58750,-0.10183
58750,0.074648
58750,0.1999
58750,0.12063
58750,-0.046033
58750,-0.16568
58750,-0.12226
58750,0.10215
58750,0.22954
58750,0.15722
58750,-0.032618
58750,-0.11433
58750,0.0017146
58750,0.26759
58750,0.32558
58750,0.10185
58750,-0.093293
58750,-0.13305
58750,0.027692
58750,0.22905
58750,0.15746
58750,-0.060974
58750,0.0020195
58750,0.27912
58750,0.3751
58750,0.2246
58750,-0.0052982
58750,-0.13653
58750,-0.10165
58750,-0.13763
58750,-0.3796
58750,-0.56041
58750,-0.4143
58750,-0.089574
58750,0.14289
58750,0.037693
58750,-0.20855
58750,-0.32307
58750,-0.18562
58750,0.020009
58750,-0.019324
58750,-0.25392
58750,-0.42765
58750,-0.28294
58750,0.04867
58750,0.32833
58750,0.32796
58750,0.077636
58750,-0.061583
58750,-0.0052982
58750,0.18319
58750,0.24558
58750,0.099345
58750,-0.1011
58750,-0.14409
58750,-0.058717
58750,0.034705
58750,-0.0056641
58750,-0.14293
58750,-0.16915
58750,0.092149
58750,0.3665
58750,0.38504
58750,0.03373
58750,-0.34405
58750,-0.32575
58750,-0.063047
58750,0.13154
58750,0.14051
58750,0.080685
58750,0.061964
58750,0.21533
58750,0.35351
58750,0.36132
58750,0.25985
58750,0.048975
58750,-0.13153
58750,-0.017433
58750,0.27265
58750,0.29796
58750,0.12246
58750,0.041596
58750,0.02007
58750,0.065805
58750,0.27558
58750,0.25777
58750,0.072208
58750,-0.019324
58750,0.014582
58750,-0.059754
58750,-0.076219
58750,-0.081646
58750,-0.048229
58750,0.041962
58750,0.0073248
58750,-0.14744
58750,-0.15708
58750,-0.015238
58750,0.076904
58750,0.053975
58750,-0.013775
58750,-0.036886
58750,-0.012799
58750,-0.06884
58750,-0.14714
58750,-0.13196
58750,0.014947
58750,0.036657
58750,-0.24111
58750,-0.35252
58750,-0.075731
58750,0.019399
58750,-0.10756
58750,-0.088354
58750,-0.026824
58750,0.0040929
58750,0.063488
58750,0.13002
58750,0.12868
58750,0.19874
58750,0.30473
58750,0.38321
58750,0.33863
58750,0.20594
58750,0.20515
58750,0.28564
58750,0.42023
58750,0.3715
58750,0.25436
58750,0.17057
58750,0.10038
58750,0.043182
58750,0.068123
58750,0.11642
58750,0.10056
58750,-0.015543
58750,-0.080061
58750,0.063671
58750,0.11624
58750,-0.15104
58750,-0.32636
58750,-0.22946
58750,0.018423
58750,0.15801
58750,0.15002
58750,0.062878
58750,-0.082866
58750,-0.22507
58750,-0.28307
58750,-0.18379
58750,0.016228
58750,0.003605
58750,-0.11628
58750,-0.30752
58750,-0.42344
58750,-0.28331
58750,0.051475
58750,0.2249
58750,0.16709
58750,-0.037435
58750,-0.23373
58750,-0.15958
58750,0.076965
58750,0.18649
58750,0.15478
58750,0.19191
58750,0.30046
58750,0.26222
58750,0.24917
58750,0.24015
58750,0.2343
58750,0.25363
58750,0.25497
58750,0.20368
58750,0.044645
58750,-0.00090757
58750,0.026534
58750,0.025619
58750,-0.035423
58750,-0.060059
58750,-0.14043
58750,-0.22696
58750,-0.18086
58750,-0.050668
58750,0.075196
58750,0.044767
58750,-0.040606
58750,-0.11537
58750,-0.070548
58750,0.081538
58750,0.19832
58750,0.14886
58750,0.084588
58750,0.17045
58750,0.33747
58750,0.26814
58750,0.086356
58750,0.032449
58750,0.01074
58750,-0.044753
58750,-0.10988
58750,-0.064084
58750,0.13215
58750,0.26491
58750,0.30473
58750,0.32296
58750,0.25637
58750,0.24844
58750,0.21582
58750,0.10148
58750,-0.097318
58750,-0.28813
58750,-0.38368
58750,-0.376
58750,-0.20355
58750,0.024338
58750,-0.0037737
58750,-0.14994
58750,-0.20635
58750,-0.15379
58750,-0.068413
58750,-0.038594
58750,-0.081524
58750,-0.19007
58750,-0.13183
58750,0.14703
58750,0.32485
58750,0.2343
58750,0.084527
58750,0.18734
58750,0.34815
58750,0.47023
58750,0.38882
58750,0.17642
58750,0.036352
58750,-0.085122
58750,-0.12793
58750,-0.105
58750,-0.048777
58750,-0.040606
58750,-0.07195
58750,-0.10768
58750,-0.11945
58750,-0.1422
58750,-0.076524
58750,0.16331
58750,0.3726
58750,0.19136
58750,-0.06323
58750,-0.13202
58750,0.086661
58750,0.019338
58750,-0.2094
58750,-0.50546
58750,-0.59236
58750,-0.52516
58750,-0.2505
58750,-0.064084
58750,-0.22343
58750,-0.53114
58750,-0.49924
58750,-0.18159
58750,0.065196
58750,0.12587
58750,0.12294
58750,0.18264
58750,0.27436
58750,0.354
58750,0.31077
58750,0.2982
58750,0.43267
58750,0.51042
58750,0.35693
58750,0.12532
58750,0.016167
58750,-0.027129
58750,-0.10317
58750,-0.15708
58750,-0.1797
58750,-0.12854
58750,-0.077134
58750,-0.041338
58750,-0.049692
58750,-0.082988
58750,-0.074694
58750,0.089039
58750,0.24735
58750,0.1799
58750,0.044584
58750,0.012874
58750,0.072025
58750,0.15929
58750,0.17783
58750,0.032266
58750,-0.14726
58750,-0.25477
58750,-0.19294
58750,-0.12976
58750,-0.14305
58750,-0.2302
58750,-0.17897
58750,0.062756
58750,0.26692
58750,0.30046
58750,0.27442
58750,0.42925
58750,0.49883
58750,0.28058
58750,-0.067072
58750,-0.15391
58750,-0.0018833
58750,0.14703
58750,0.056292
58750,-0.27331
58750,-0.49747
58750,-0.42692
58750,-0.17568
58750,-0.089513
58750,-0.20666
58750,-0.43149
58750,-0.40332
58750,-0.080853
58750,0.20405
58750,0.18124
58750,0.038608
58750,-0.0013954
58750,0.3326
58750,0.66348
58750,0.69854
58750,0.43651
58750,0.097515
58750,-0.054632
58750,-0.12506
58750,-0.054998
58750,-0.065303
58750,-0.12763
58750,-0.10811
58750,0.16484
58750,0.3129
58750,0.21551
58750,0.12855
58750,0.14734
58750,0.31412
58750,0.35742
58750,0.26887
58750,0.12642
58750,0.21734
58750,0.22192
58750,0.097393
58750,-0.039813
58750,-0.15799
58750,-0.27447
58750,-0.43655
58750,-0.51321
58750,-0.45564
58750,-0.36301
58750,-0.38027
58750,-0.46302
58750,-0.49046
58750,-0.3546
58750,-0.15403
58750,0.022265
58750,0.1113
58750,-0.0017003
58750,-0.22733
58750,-0.20971
58750,0.12075
58750,0.31357
58750,0.2124
58750,-0.039082
58750,-0.04207
58750,0.19935
58750,0.39016
58750,0.37284
58750,0.21783
58750,0.17466
58750,0.35827
58750,0.50865
58750,0.47797
58750,0.3898
58750,0.34193
58750,0.46895
58750,0.61841
58750,0.55341
58750,0.27076
58750,0.098552
58750,0.23198
58750,0.4134
58750,0.27649
58750,-0.09305
58750,-0.31289
58750,-0.25611
58750,-0.2302
58750,-0.38765
58750,-0.55919
58750,-0.52906
58750,-0.29221
58750,-0.011701
58750,0.081599
58750,-0.14244
58750,-0.4926
58750,-0.60907
58750,-0.35478
58750,-0.054815
58750,-0.010543
58750,-0.2105
58750,-0.26636
58750,-0.022007
58750,0.20112
58750,0.22247
58750,0.056536
58750,-0.053534
58750,-0.011945
58750,0.20002
58750,0.41114
58750,0.45883
58750,0.22832
58750,-0.073902
58750,-0.11348
58750,0.068733
58750,0.23698
58750,0.29534
58750,0.27399
58750,0.29711
58750,0.41681
58750,0.47676
58750,0.30131
58750,-0.0013344
58750,-0.24203
58750,-0.2391
58750,-0.075243
58750,0.04806
58750,0.047023
58750,0.013545
58750,0.0042758
58750,-0.12561
58750,-0.28221
58750,-0.44741
58750,-0.46278
58750,-0.27294
58750,-0.014262
58750,0.1921
58750,0.20289
58750,0.075745
58750,-0.089513
58750,-0.044631
58750,0.31125
58750,0.74653
58750,0.6997
58750,0.32369
58750,0.010862
58750,-0.075243
58750,0.036657
58750,0.16136
58750,0.11118
58750,-0.10537
58750,-0.26544
58750,-0.31136
58750,-0.278
58750,-0.26538
58750,-0.26733
58750,-0.30368
58750,-0.12927
58750,-0.011823
58750,-0.18842
58750,-0.42411
58750,-0.48046
58750,-0.32118
58750,-0.066279
58750,0.13197
58750,0.052756
58750,-0.19641
58750,-0.37667
58750,-0.38185
58750,-0.18013
58750,0.15179
58750,0.25649
58750,-0.016946
58750,-0.31045
58750,-0.30996
58750,-0.019568
58750,0.40285
58750,0.61341
58750,0.50054
58750,0.33619
58750,0.39961
58750,0.48115
58750,0.4623
58750,0.4462
58750,0.47468
58750,0.4573
58750,0.40083
58750,0.15862
58750,-0.15244
58750,-0.27617
58750,-0.13159
58750,-0.03091
58750,-0.096647
58750,-0.30551
58750,-0.55089
58750,-0.5809
58750,-0.32124
58750,0.034461
58750,0.15136
58750,-0.053595
58750,-0.37759
58750,-0.35393
58750,0.048853
58750,0.26692
58750,-0.016275
58750,-0.32661
58750,-0.45125
58750,-0.30227
58750,-0.034203
58750,-0.00066365
58750,-0.17281
58750,-0.11573
58750,0.17734
58750,0.42096
58750,0.56475
58750,0.5903
58750,0.61189
58750,0.63293
58750,0.74044
58750,0.64848
58750,0.24241
58750,-0.060486
58750,0.057939
58750,0.48712
58750,0.63933
58750,0.45572
58750,0.087515
58750,-0.20751
58750,-0.41356
58750,-0.45223
58750,-0.41143
58750,-0.3921
58750,-0.39661
58750,-0.27154
58750,-0.013165
58750,-0.048838
58750,-0.43686
58750,-0.74768
58750,-0.58584
58750,-0.23081
58750,-0.011884
58750,-0.1872
58750,-0.50357
58750,-0.61352
58750,-0.32776
58750,0.16941
58750,0.37827
58750,0.25454
58750,-0.085122
58750,-0.24099
58750,-0.07006
58750,0.17118
58750,0.36431
58750,0.39254
58750,0.53152
58750,0.46986
58750,0.22265
58750,-0.085549
58750,0.0095811
58750,0.41462
58750,0.82678
58750,0.72367
58750,0.11203
58750,-0.58413
58750,-0.62297
58750,-0.06945
58750,0.4323
58750,0.35967
58750,-0.098599
58750,-0.44369
58750,-0.41594
58750,-0.12897
58750,0.015618
58750,-0.1072
58750,-0.19422
58750,-0.135
58750,-0.081585
58750,-0.13946
58750,-0.29673
58750,-0.28855
58750,-0.13525
58750,0.11599
58750,0.12514
58750,-0.12799
58750,-0.27246
58750,-0.11573
58750,0.20088
58750,0.39193
58750,0.42846
58750,0.334
58750,0.36845
58750,0.38852
58750,0.22125
58750,0.10081
58750,0.049828
58750,0.15081
58750,0.24582
58750,0.29412
58750,0.06172
58750,-0.30099
58750,-0.35393
58750,0.032754
58750,0.43724
58750,0.49981
58750,0.17295
58750,-0.20306
58750,-0.32197
58750,-0.21526
58750,-0.12982
58750,-0.14446
58750,-0.14427
58750,-0.22501
58750,-0.36362
58750,-0.36112
58750,-0.27922
58750,-0.21605
58750,-0.22269
58750,-0.19897
58750,-0.17208
58750,-0.041155
58750,0.17173
58750,0.32266
58750,0.3354
58750,0.3268
58750,0.40279
58750,0.52725
58750,0.51212
58750,0.34723
58750,0.22186
58750,0.17057
58750,0.20246
58750,0.22027
58750,0.22356
58750,0.054829
58750,-0.17092
58750,-0.31642
58750,-0.22056
58750,-0.064389
58750,-0.012982
58750,-0.10134
58750,-0.28813
58750,-0.4454
58750,-0.43808
58750,-0.22946
58750,-0.081402
58750,-0.075914
58750,-0.14921
58750,-0.23782
58750,-0.3024
58750,-0.37118
58750,-0.40966
58750,-0.28508
58750,-0.017067
58750,0.14764
58750,-0.017433
58750,-0.32545
58750,-0.32508
58750,0.020619
58750,0.45633
58750,0.61134
58750,0.44822
58750,0.22466
58750,0.17264
58750,0.26491
58750,0.31735
58750,0.14795
58750,-0.0031639
58750,-0.19086
58750,-0.15299
58750,0.12026
58750,0.3429
58750,0.41681
58750,0.45236
58750,0.46706
58750,0.3354
58750,0.20191
58750,0.0053735
58750,-0.18806
58750,-0.19275
58750,-0.052985
58750,0.062451
58750,-0.071096
58750,-0.37484
58750,-0.52498
58750,-0.41058
58750,-0.23867
58750,-0.26684
58750,-0.50808
58750,-0.67597
58750,-0.48284
58750,-0.091098
58750,0.15886
58750,0.14758
58750,0.054402
58750,0.090076
58750,0.28729
58750,0.38333
58750,0.20624
58750,-0.068291
58750,-0.19184
58750,-0.15665
58750,-0.0038347
58750,-0.09122
58750,-0.2841
58750,-0.28861
58750,-0.084024
58750,0.22039
58750,0.5814
58750,0.70196
58750,0.45895
58750,0.20063
58750,0.17649
58750,0.27869
58750,0.47206
58750,0.61701
58750,0.6164
58750,0.46456
58750,0.32943
58750,0.19649
58750,0.13612
58750,0.30485
58750,0.47017
58750,0.27881
58750,-0.11427
58750,-0.42613
58750,-0.51577
58750,-0.54254
58750,-0.19159
58750,-0.032618
58750,0.061171
58750,-0.0094449
58750,-0.14336
58750,-0.13903
58750,0.21734
58750,0.8602
58750,0.97082
58750,0.69055
58750,0.14496
58750,-0.24093
58750,-0.34222
58750,-0.30045
58750,-0.40722
58750,-0.70365
58750,-1.0208
58750,-1.0689
58750,-0.91928
58750,-0.85702
58750,-0.88025
58750,-0.82549
58750,-0.5376
58750,-0.2666
58750,-0.15488
58750,-0.11622
58750,-0.074938
58750,-0.0061519
58750,0.10727
58750,0.26503
58750,0.29607
58750,0.30698
58750,0.076294
58750,-0.22538
58750,-0.18409
58750,0.1041
58750,0.25515
58750,0.32802
58750,0.29314
58750,0.028241
58750,-0.15616
58750,-0.040057
58750,0.236
58750,0.33924
58750,0.20063
58750,0.032937
58750,0.031534
58750,0.14356
58750,0.10361
58750,0.067025
58750,0.063427
58750,0.26802
58750,0.5059
58750,0.71909
58750,0.70995
58750,0.45291
58750,0.33376
58750,0.48743
58750,0.62555
58750,0.57487
58750,0.28796
58750,-0.078231
58750,-0.31496
58750,-0.38832
58750,-0.46704
58750,-0.47064
58750,-0.27191
58750,-0.0065178
58750,-0.092196
58750,-0.39948
58750,-0.45509
58750,-0.2455
58750,-0.08994
58750,-0.019934
58750,0.038608
58750,0.06172
58750,0.092881
58750,0.17167
58750,0.28692
58750,0.25296
58750,0.11069
58750,-0.010421
58750,0.22131
58750,0.5825
58750,0.50109
58750,0.058122
58750,-0.2391
58750,-0.083902
58750,0.26259
58750,0.40888
58750,0.33668
58750,0.16917
58750,0.0050685
58750,-0.0065178
58750,0.12172
58750,0.44694
58750,0.48218
58750,-0.020665
58750,-0.40234
58750,-0.34862
58750,-0.087439
58750,0.084039
58750,0.20338
58750,0.1441
58750,-0.072682
58750,-0.27117
58750,-0.24312
58750,-0.25825
58750,-0.25989
58750,-0.25575
58750,-0.33728
58750,-0.34142
58750,-0.2008
58750,-0.067864
58750,-0.045363
58750,0.044889
58750,-0.042557
58750,-0.18684
58750,-0.11073
58750,0.049036
58750,-0.039691
58750,-0.2144
58750,-0.29294
58750,-0.27099
58750,-0.24843
58750,-0.27105
58750,-0.30343
58750,-0.1822
58750,-0.033288
58750,-0.0045664
58750,0.12624
58750,0.45858
58750,0.6322
58750,0.46773
58750,0.11837
58750,-0.056644
58750,0.0026903
58750,0.17423
58750,0.2857
58750,0.059951
58750,-0.18196
58750,-0.32807
58750,-0.47455
58750,-0.54809
58750,-0.40673
58750,-0.22483
58750,-0.17482
58750,-0.16934
58750,-0.022556
58750,0.16905
58750,0.34309
58750,0.42706
58750,0.47462
58750,0.47261
58750,0.50042
58750,0.58201
58750,0.57396
58750,0.3862
58750,0.15032
58750,0.055378
58750,0.096418
58750,0.091905
58750,0.028119
58750,-0.046704
58750,-0.05579
58750,-0.017007
58750,-0.13189
58750,-0.25843
58750,-0.35929
58750,-0.28191
58750,-0.17958
58750,-0.051766
58750,0.12002
58750,0.30235
58750,0.42632
58750,0.40114
58750,0.39138
58750,0.4209
58750,0.30948
58750,-0.034752
58750,-0.28965
58750,-0.28398
58750,-0.066157
58750,0.1174
58750,0.20088
58750,0.10288
58750,-0.039447
58750,-0.14226
58750,-0.14873
58750,-0.070914
58750,-0.060547
58750,-0.115
58750,-0.15208
58750,0.003666
58750,0.22686
58750,0.37138
58750,0.27491
58750,-0.00090757
58750,-0.10244
58750,-0.075487
58750,0.023668
58750,0.12703
58750,-0.01658
58750,-0.31941
58750,-0.45107
58750,-0.32209
58750,-0.17336
58750,-0.078475
58750,-0.098904
58750,-0.25075
58750,-0.43844
58750,-0.46113
58750,-0.3227
58750,-0.15373
58750,-0.15598
58750,-0.2852
58750,-0.32667
58750,-0.16403
58750,0.10441
58750,0.22856
58750,0.20228
58750,0.28741
58750,0.40583
58750,0.3851
58750,0.1996
58750,0.069037
58750,0.1288
58750,0.1749
58750,0.16307
58750,0.19606
58750,0.13173
58750,-0.15543
58750,-0.36948
58750,-0.52187
58750,-0.49754
58750,-0.35612
58750,-0.24873
58750,-0.27008
58750,-0.33423
58750,-0.1469
58750,0.16642
58750,0.21746
58750,0.19051
58750,0.26649
58750,0.28656
58750,0.19752
58750,0.19118
58750,0.33497
58750,0.41004
58750,0.52713
58750,0.5317
58750,0.25497
58750,0.025619
58750,0.01757
58750,0.053914
58750,0.14301
58750,0.14648
58750,-0.058961
58750,-0.29057
58750,-0.12592
58750,0.07416
58750,0.069281
58750,-0.0278
58750,-0.17019
58750,-0.20294
58750,-0.026641
58750,0.19887
58750,0.20173
58750,-0.057071
58750,-0.25325
58750,-0.13677
58750,0.26466
58750,0.49798
58750,0.22911
58750,-0.16464
58750,-0.16135
58750,0.05989
58750,0.18758
58750,0.10855
58750,-0.19184
58750,-0.3957
58750,-0.27837
58750,-0.065242
58750,-0.16702
58750,-0.40436
58750,-0.49278
58750,-0.36338
58750,-0.14824
58750,-0.077743
58750,-0.15147
58750,-0.26008
58750,-0.13476
58750,0.090564
58750,0.050011
58750,0.046779
58750,0.24649
58750,0.25027
58750,0.21442
58750,0.31619
58750,0.34559
58750,0.26332
58750,0.05617
58750,-0.10317
58750,-0.095794
58750,0.048914
58750,0.053487
58750,-0.029386
58750,-0.064511
58750,-0.12769
58750,-0.066706
58750,0.09532
58750,0.074465
58750,-0.063657
58750,-0.050119
58750,0.066476
58750,0.13447
58750,0.15709
58750,0.13014
58750,0.040498
58750,0.017509
58750,0.093491
58750,0.14972
58750,0.0078127
58750,-0.1819
58750,-0.25233
58750,-0.12555
58750,0.080807
58750,0.085685
58750,-0.19544
58750,-0.39643
58750,-0.27666
58750,0.033669
58750,0.1988
58750,0.17777
58750,0.099711
58750,0.077758
58750,0.21381
58750,0.29174
58750,0.25155
58750,0.13612
58750,0.055073
58750,0.039462
58750,0.076904
58750,0.086539
58750,-0.055363
58750,-0.20202
58750,-0.23148
58750,-0.20349
58750,-0.12464
58750,-0.10348
58750,-0.16171
58750,-0.18952
58750,-0.033593
58750,0.14032
58750,0.20667
58750,0.20826
58750,0.094283
58750,-0.011823
58750,0.022021
58750,0.11111
58750,0.15478
58750,0.1535
58750,0.099894
58750,0.0085445
58750,-0.069328
58750,-0.032069
58750,0.11282
58750,0.18356
58750,0.13282
58750,0.078794
58750,0.12313
58750,0.28467
58750,0.40687
58750,0.32638
58750,0.23064
58750,0.21746
58750,0.20563
58750,0.1749
58750,0.16581
58750,0.032083
58750,-0.12098
58750,-0.13647
58750,-0.1258
58750,-0.18757
58750,-0.30508
58750,-0.37606
58750,-0.3982
58750,-0.29209
58750,-0.203
58750,-0.16336
58750,-0.17476
58750,-0.18775
58750,-0.19178
58750,-0.16446
58750,-0.10616
58750,-0.037252
58750,-0.054754
58750,-0.1511
58750,-0.21477
58750,-0.23709
58750,-0.096891
58750,0.16594
58750,0.1771
58750,-0.015543
58750,-0.077743
58750,0.14398
58750,0.47072
58750,0.66134
58750,0.52267
58750,0.30028
58750,0.26594
58750,0.36101
58750,0.32766
58750,0.14978
58750,0.036413
58750,0.14289
58750,0.25503
58750,0.12112
58750,-0.19062
58750,-0.37557
58750,-0.26977
58750,0.052329
58750,0.16026
58750,0.026229
58750,-0.1447
58750,-0.13799
58750,-0.035362
58750,0.01757
58750,0.030315
58750,0.057146
58750,0.12404
58750,0.14045
58750,0.057939
58750,-0.03091
58750,0.010313
58750,0.11435
58750,0.20204
58750,0.13166
58750,-0.087317
58750,-0.28733
58750,-0.25587
58750,-0.12787
58750,0.036047
58750,0.14148
58750,0.16752
58750,0.1563
58750,0.064891
58750,-0.080061
58750,-0.10945
58750,-0.066889
58750,-0.10421
58750,-0.15549
58750,-0.099818
58750,-0.049204
58750,-0.081768
58750,-0.14433
58750,-0.039082
58750,0.1663
58750,0.22417
58750,0.14313
58750,-0.0035907
58750,-0.082805
58750,-0.19367
58750,-0.16757
58750,-0.08439
58750,-0.018104
58750,-0.041643
58750,-0.15196
58750,-0.05207
58750,0.18801
58750,0.30083
58750,0.13362
58750,-0.029142
58750,-0.084146
58750,-0.0075545
58750,0.08971
58750,0.11831
58750,0.089466
58750,0.201
58750,0.38906
58750,0.35864
58750,0.26064
58750,0.17368
58750,0.14673
58750,0.11294
58750,-0.017494
58750,-0.18751
58750,-0.31173
58750,-0.46509
58750,-0.59962
58750,-0.45003
58750,-0.17763
58750,0.0064101
58750,-0.0063349
58750,-0.18739
58750,-0.37411
58750,-0.39753
58750,-0.21154
58750,0.027022
58750,0.25478
58750,0.35254
58750,0.21777
58750,0.083612
58750,0.10947
58750,0.23405
58750,0.26924
58750,0.22167
58750,0.2057
58750,0.23637
58750,0.22484
58750,0.17697
58750,0.18679
58750,0.18527
58750,0.24387
58750,0.51987
58750,0.62671
58750,0.41986
58750,0.056048
58750,-0.060669
58750,0.12526
58750,0.38303
58750,0.33241
58750,-0.010238
58750,-0.46259
58750,-0.61395
58750,-0.31996
58750,-0.0056031
58750,0.037449
58750,-0.23916
58750,-0.49796
58750,-0.49564
58750,-0.26904
58750,-0.12628
58750,-0.14873
58750,-0.22184
58750,-0.19873
58750,-0.11653
58750,-0.089879
58750,-0.12202
58750,-0.11464
58750,-0.10543
58750,-0.090549
58750,-0.10482
58750,-0.084573
58750,-0.047558
58750,-0.021031
58750,-0.077438
58750,-0.12885
58750,-0.072499
58750,0.084709
58750,0.41212
58750,0.63726
58750,0.61421
58750,0.38974
58750,0.32577
58750,0.4323
58750,0.66189
58750,0.67354
58750,0.41529
58750,0.12477
58750,0.11215
58750,0.21161
58750,0.25027
58750,0.22923
58750,0.19746
58750,0.088368
58750,-0.042679
58750,-0.21038
58750,-0.39344
58750,-0.29319
58750,-0.015543
58750,0.15984
58750,0.080258
58750,-0.12866
58750,-0.36984
58750,-0.37149
58750,-0.17275
58750,-0.073475
58750,-0.16391
58750,-0.29246
58750,-0.28282
58750,-0.23581
58750,-0.17348
58750,-0.12946
58750,0.020497
58750,0.18966
58750,0.29985
58750,0.29954
58750,0.13264
58750,0.038547
58750,0.02507
58750,0.056963
58750,0.031229
58750,-0.065852
58750,-0.10805
58750,-0.0094449
58750,0.05739
58750,-0.036825
58750,-0.07134
58750,-0.013653
58750,0.11715
58750,0.32046
58750,0.38687
58750,0.31808
58750,0.28515
58750,0.2485
58750,0.14459
58750,0.23753
58750,0.45474
58750,0.44998
58750,0.24722
58750,-0.037618
58750,-0.28794
58750,-0.3707
58750,-0.28733
58750,-0.21025
58750,-0.29923
58750,-0.40381
58750,-0.41204
58750,-0.26014
58750,-0.022983
58750,0.19704
58750,0.25094
58750,0.12038
58750,-0.021824
58750,-0.019324
58750,-0.038838
58750,0.020741
58750,0.2646
58750,0.43822
58750,0.3082
58750,-0.084329
58750,-0.37472
58750,-0.31374
58750,-0.058412
58750,-0.080061
58750,-0.37771
58750,-0.60224
58750,-0.65316
58750,-0.36795
58750,0.061781
58750,0.046048
58750,-0.28166
58750,-0.34008
58750,-0.091098
58750,0.15996
58750,0.26442
58750,0.13484
58750,0.0065931
58750,0.078794
58750,0.18996
58750,0.11965
58750,-0.080061
58750,-0.13336
58750,0.055378
58750,0.17405
58750,0.12764
58750,0.034217
58750,0.033547
58750,0.13014
58750,0.28253
58750,0.374
58750,0.29924
58750,0.21045
58750,0.23448
58750,0.40394
58750,0.47621
58750,0.33479
58750,0.15337
58750,0.034339
58750,0.0079346
58750,-0.019812
58750,-0.057376
58750,-0.14397
58750,-0.14787
58750,-0.10207
58750,-0.15781
58750,-0.31099
58750,-0.37057
58750,-0.19044
58750,-0.01414
58750,0.032937
58750,-0.015543
58750,-0.090366
58750,-0.14909
58750,-0.04646
58750,0.21564
58750,0.33394
58750,0.15734
58750,-0.14757
58750,-0.27337
58750,-0.15397
58750,0.071111
58750,0.10685
58750,0.042694
58750,0.026412
58750,0.10959
58750,0.10965
58750,0.16026
58750,0.24027
58750,0.35223
58750,0.41962
58750,0.39821
58750,0.2318
58750,0.093674
58750,0.084344
58750,0.19204
58750,0.2282
58750,0.14209
58750,-0.013592
58750,-0.10549
58750,-0.035606
58750,0.10496
58750,0.14185
58750,0.024277
58750,-0.086769
58750,-0.068901
58750,0.16356
58750,0.31217
58750,0.19258
58750,0.018484
58750,0.018118
58750,0.11715
58750,0.17466
58750,0.09843
58750,-0.070914
58750,-0.21763
58750,-0.30282
58750,-0.28709
58750,-0.2244
58750,-0.14427
58750,-0.1347
58750,-0.20471
58750,-0.22452
58750,-0.085183
58750,0.11929
58750,0.21704
58750,0.29808
58750,0.3143
58750,0.22942
58750,0.077453
58750,0.009947
58750,-0.045728
58750,-0.077743
58750,-0.074999
58750,-0.22007
58750,-0.42643
58750,-0.41497
58750,-0.34868
58750,-0.37551
58750,-0.37332
58750,-0.26422
58750,-0.069389
58750,0.13282
58750,0.12819
58750,-0.029203
58750,-0.025666
58750,0.20643
58750,0.34479
58750,0.3365
58750,0.15301
58750,-0.023714
58750,-0.04335
58750,0.0086664
58750,-0.031154
58750,0.020619
58750,0.1227
58750,0.14221
58750,0.10587
58750,0.11118
58750,0.068428
58750,0.12465
58750,0.34882
58750,0.48499
58750,0.36662
58750,0.17447
58750,0.01074
58750,-0.0096888
58750,0.083185
58750,0.14246
58750,-0.011701
58750,-0.28087
58750,-0.51156
58750,-0.53333
58750,-0.34813
58750,-0.065242
58750,0.03623
58750,-0.051156
58750,-0.099757
58750,-0.058047
58750,0.036535
58750,0.092942
58750,-0.0095059
58750,-0.15903
58750,-0.12415
58750,0.10191
58750,0.28668
58750,0.38065
58750,0.31229
58750,-0.030788
58750,-0.27788
58750,-0.16367
58750,0.12179
58750,0.31607
58750,0.34516
58750,0.18752
58750,0.0051295
58750,0.083551
58750,0.30619
58750,0.38711
58750,0.31607
58750,0.19387
58750,0.1363
58750,0.21301
58750,0.22234
58750,0.11837
58750,-0.091769
58750,-0.15452
58750,-0.098599
58750,-0.024751
58750,-0.068169
58750,-0.18867
58750,-0.32258
58750,-0.27489
58750,-0.15488
58750,-0.085183
58750,-0.099879
58750,-0.11269
58750,-0.15915
58750,-0.16019
58750,-0.16312
58750,-0.22983
58750,-0.24886
58750,-0.16214
58750,-0.082073
58750,-0.13903
58750,-0.25599
58750,-0.43948
58750,-0.39429
58750,-0.036703
58750,0.35937
58750,0.38986
58750,0.11148
58750,-0.060242
58750,0.1266
58750,0.47297
58750,0.58792
58750,0.39163
58750,0.14697
58750,0.069342
58750,0.14526
58750,0.15502
58750,0.07977
58750,0.039523
58750,-0.0044445
58750,-0.0084082
58750,-0.016336
58750,-0.05762
58750,-0.10445
58750,-0.071828
58750,0.09099
58750,0.30924
58750,0.14789
58750,-0.19251
58750,-0.15665
58750,0.24936
58750,0.47322
58750,0.18283
58750,-0.36319
58750,-0.67529
58750,-0.50156
58750,-0.20403
58750,-0.17507
58750,-0.2616
58750,-0.16238
58750,-0.044875
58750,-0.18324
58750,-0.15226
58750,0.17325
58750,0.44383
58750,0.41846
58750,0.28735
58750,0.091295
58750,0.0040319
58750,0.10678
58750,0.32022
58750,0.39608
58750,0.20057
58750,-0.038594
58750,0.019765
58750,0.27607
58750,0.26479
58750,-0.10921
58750,-0.3996
58750,-0.40728
58750,-0.2974
58750,-0.12104
58750,0.12008
58750,0.14593
58750,0.081599
58750,0.067208
58750,0.10008
58750,0.12105
58750,0.093735
58750,0.03562
58750,-0.077743
58750,-0.23892
58750,-0.41564
58750,-0.50315
58750,-0.36021
58750,-0.079146
58750,0.17923
58750,0.19015
58750,-0.02408
58750,-0.19513
58750,-0.21934
58750,-0.017677
58750,0.29211
58750,0.55573
58750,0.54707
58750,0.35857
58750,0.21722
58750,0.30351
58750,0.45938
58750,0.47779
58750,0.3279
58750,-0.0048713
58750,-0.33057
58750,-0.45979
58750,-0.34838
58750,-0.092806
58750,0.16136
58750,0.17594
58750,-0.12513
58750,-0.39289
58750,-0.3982
58750,-0.15129
58750,0.17234
58750,0.17502
58750,-0.15019
58750,-0.37783
58750,-0.36594
58750,-0.2444
58750,-0.16421
58750,-0.22294
58750,-0.40491
58750,-0.57846
58750,-0.54638
58750,-0.27691
58750,0.12057
58750,0.37162
58750,0.27235
58750,0.10904
58750,0.091356
58750,0.3129
58750,0.5578
58750,0.56615
58750,0.36443
58750,0.10459
58750,-0.00011482
58750,0.01324
58750,0.13923
58750,0.23094
58750,0.27595
58750,0.20942
58750,0.014216
58750,-0.12256
58750,0.021289
58750,0.19234
58750,0.052451
58750,-0.18367
58750,-0.12482
58750,0.092027
58750,0.28399
58750,0.32485
58750,0.10886
58750,0.016167
58750,0.045011
58750,-0.13622
58750,-0.52668
58750,-0.73463
58750,-0.66633
58750,-0.52565
58750,-0.36722
58750,-0.23824
58750,-0.36448
58750,-0.34667
58750,-0.034203
58750,0.37169
58750,0.48322
58750,0.38547
58750,0.27906
58750,0.11892
58750,0.0070199
58750,0.066232
58750,0.15453
58750,0.32619
58750,0.54438
58750,0.57939
58750,0.41956
58750,0.21643
58750,0.064891
58750,-0.031337
58750,-0.015909
58750,0.012569
58750,-0.10281
58750,-0.26123
58750,-0.26776
58750,-0.06634
58750,0.27448
58750,0.43193
58750,0.21936
58750,-0.060913
58750,-0.19239
58750,-0.29709
58750,-0.30612
58750,-0.089147
58750,0.0026903
58750,-0.16043
58750,-0.29166
58750,-0.258
58750,-0.081707
58750,0.17771
58750,0.28613
58750,0.030741
58750,-0.26026
58750,-0.28349
58750,0.058549
58750,0.39608
58750,0.27747
58750,-0.25282
58750,-0.46936
58750,0.011228
58750,0.59597
58750,0.61951
58750,0.29198
58750,-0.18623
58750,-0.35429
58750,-0.065913
58750,0.22112
58750,0.0044587
58750,-0.28496
58750,-0.28752
58750,-0.13604
58750,0.15984
58750,0.2482
58750,-0.027129
58750,-0.28514
58750,-0.066889
58750,0.36754
58750,0.56713
58750,0.26143
58750,-0.34661
58750,-0.67157
58750,-0.35179
58750,0.11965
58750,0.11422
58750,-0.12378
58750,-0.19361
58750,0.024765
58750,0.19496
58750,0.22643
58750,0.14319
58750,0.10819
58750,0.18514
58750,0.16648
58750,-0.15842
58750,-0.22794
58750,0.12355
58750,0.50731
58750,0.53505
58750,0.30802
58750,0.20082
58750,0.35498
58750,0.29332
58750,-0.078597
58750,-0.459
58750,-0.54797
58750,-0.44296
58750,-0.33161
58750,-0.18922
58750,-0.14433
58750,-0.1497
58750,-0.072743
58750,0.14453
58750,0.17502
58750,0.1341
58750,0.069525
58750,-0.024751
58750,-0.12958
58750,-0.1719
58750,-0.14769
58750,-0.020056
58750,0.1399
58750,0.15106
58750,0.098857
58750,0.16898
58750,0.33156
58750,0.36772
58750,0.3401
58750,0.23558
58750,0.019643
58750,-0.28038
58750,-0.31343
58750,0.26235
58750,0.78544
58750,0.69879
58750,0.19265
58750,-0.11927
58750,-0.031093
58750,0.043669
58750,-0.068474
58750,-0.32789
58750,-0.3521
58750,-0.24727
58750,-0.072377
58750,-0.12793
58750,-0.18037
58750,-0.058412
58750,0.23698
58750,0.289
58750,0.17027
58750,-0.048229
58750,-0.18196
58750,-0.18684
58750,0.014643
58750,0.12959
58750,-0.039082
58750,-0.20666
58750,-0.25398
58750,-0.19117
58750,-0.077682
58750,0.032449
58750,0.046353
58750,0.060195
58750,0.053792
58750,-0.17178
58750,-0.21879
58750,-0.04829
58750,-0.0034688
58750,-0.084024
58750,-0.09994
58750,0.035742
58750,0.43706
58750,0.75617
58750,0.63543
58750,0.27241
58750,0.035925
58750,-0.11616
58750,-0.10006
58750,0.033425
58750,0.060683
58750,-0.33996
58750,-0.64371
58750,-0.67883
58750,-0.46851
58750,-0.054815
58750,0.42693
58750,0.66732
58750,0.29442
58750,-0.31789
58750,-0.71127
58750,-0.62828
58750,-0.19928
58750,0.24692
58750,0.36486
58750,0.12673
58750,-0.031337
58750,-0.099026
58750,0.042206
58750,0.23533
58750,0.28162
58750,0.12105
58750,-0.13293
58750,-0.30721
58750,-0.12561
58750,0.17734
58750,0.25808
58750,0.16984
58750,0.025253
58750,-0.012433
58750,0.0065321
58750,0.068915
58750,0.13191
58750,0.11819
58750,0.12721
58750,0.20094
58750,0.54579
58750,0.64384
58750,0.43968
58750,0.074648
58750,-0.0016393
58750,0.016228
58750,-0.14812
58750,-0.45101
58750,-0.60681
58750,-0.37161
58750,-0.050119
58750,0.13282
58750,0.16142
58750,-0.058047
58750,-0.34813
58750,-0.24599
58750,-0.012799
58750,0.12959
58750,0.18917
58750,0.1266
58750,0.030559
58750,0.012264
58750,0.084527
58750,0.039706
58750,0.042999
58750,0.17325
58750,0.10538
58750,-0.042131
58750,-0.12025
58750,-0.073658
58750,-0.062376
58750,-0.076097
58750,-0.031825
58750,-0.023775
58750,-0.070609
58750,-0.062498
58750,0.10069
58750,0.17514
58750,-0.038533
58750,-0.20495
58750,-0.092013
58750,0.25332
58750,0.4209
58750,0.32503
58750,0.099894
58750,0.019643
58750,0.17466
58750,0.22783
58750,-0.0064568
58750,-0.34746
58750,-0.46967
58750,-0.27361
58750,0.059159
58750,0.11983
58750,-0.11805
58750,-0.35173
58750,-0.19611
58750,0.13142
58750,0.21179
58750,-0.073475
58750,-0.35935
58750,-0.29642
58750,0.035925
58750,0.25625
58750,0.17947
58750,0.0053735
58750,-0.10945
58750,-0.069572
58750,0.076782
58750,0.20332
58750,0.20332
58750,0.12977
58750,-0.046887
58750,-0.23331
58750,-0.28429
58750,-0.050485
58750,0.20716
58750,0.14014
58750,0.047328
58750,-0.11177
58750,-0.27868
58750,-0.21593
58750,0.025558
58750,0.023668
58750,-0.088232
58750,-0.06634
58750,0.0077517
58750,0.071172
58750,0.16642
58750,0.13703
58750,-0.017616
58750,-0.019263
58750,0.096174
58750,0.038486
58750,-0.087317
58750,-0.076951
58750,0.006715
58750,0.10892
58750,0.087515
58750,-0.020421
58750,-0.11994
58750,-0.040667
58750,0.13179
58750,0.14801
58750,0.076538
58750,0.11197
58750,0.1938
58750,0.16819
58750,-0.022495
58750,-0.22269
58750,-0.19623
58750,0.064403
58750,0.23375
58750,0.1227
58750,-0.17031
58750,-0.24355
58750,0.022753
58750,0.39864
58750,0.512
58750,0.36961
58750,0.18216
58750,0.031961
58750,0.013972
58750,0.10264
58750,0.14447
58750,-0.0062739
58750,-0.208
58750,-0.21995
58750,-0.064633
58750,0.072391
58750,0.068793
58750,-0.10842
58750,-0.21739
58750,-0.1436
58750,-0.068901
58750,-0.1222
58750,-0.065181
58750,0.01824
58750,0.069281
58750,0.1077
58750,0.14368
58750,0.14752
58750,0.15252
58750,0.1113
58750,-0.038411
58750,-0.15391
58750,-0.11128
58750,0.01135
58750,-0.00090757
58750,-0.17647
58750,-0.2302
58750,-0.021458
58750,0.24625
58750,0.27076
58750,0.06611
58750,-0.19403
58750,-0.33618
58750,-0.30221
58750,-0.15171
58750,0.032693
58750,0.10502
58750,0.038791
58750,-0.038228
58750,0.0025074
58750,0.14173
58750,0.26418
58750,0.26155
58750,0.092454
58750,-0.0083472
58750,-0.0054811
58750,0.0012268
58750,0.067696
58750,0.18203
58750,0.13179
58750,0.12124
58750,0.25966
58750,0.30796
58750,0.15222
58750,-0.017799
58750,-0.10244
58750,-0.084268
58750,-0.05268
58750,-0.076097
58750,-0.16354
58750,-0.23934
58750,-0.11049
58750,0.16959
58750,0.26204
58750,0.087271
58750,-0.10409
58750,-0.023288
58750,0.075318
58750,-0.017555
58750,-0.13909
58750,-0.081585
58750,0.028668
58750,0.094466
58750,0.091234
58750,-0.023044
58750,-0.16531
58750,-0.13885
58750,0.033059
58750,0.21984
58750,0.24015
58750,0.071294
58750,-0.16013
58750,-0.23995
58750,-0.12159
58750,0.052999
58750,0.12855
58750,0.13795
58750,0.10215
58750,-0.051461
58750,-0.13019
58750,-0.049143
58750,0.030193
58750,0.095564
58750,0.17929
58750,0.1266
58750,-0.014323
58750,-0.096769
58750,-0.15793
58750,-0.18629
58750,-0.022495
58750,0.12837
58750,-0.01347
58750,-0.13702
58750,-0.07878
58750,0.029583
58750,0.19319
58750,0.31223
58750,0.077453
58750,-0.20721
58750,-0.17312
58750,0.078794
58750,0.24277
58750,0.23198
58750,0.043121
58750,-0.031276
58750,0.10325
58750,0.27149
58750,0.2393
58750,0.083002
58750,-0.11421
58750,-0.19684
58750,0.073428
58750,0.25729
58750,0.077758
58750,-0.23782
58750,-0.35667
58750,-0.18373
58750,0.084344
58750,0.10124
58750,-0.090793
58750,-0.16787
58750,-0.12958
58750,-0.1486
58750,-0.22483
58750,-0.30886
58750,-0.30526
58750,-0.11
58750,0.050072
58750,0.13465
58750,0.10721
58750,-0.0086521
58750,-0.016153
58750,0.18929
58750,0.28174
58750,0.17002
58750,0.021838
58750,-0.10518
58750,-0.12488
58750,-0.0073715
58750,0.16411
58750,0.27826
58750,0.23716
58750,0.078855
58750,-0.078292
58750,-0.01347
58750,0.044767
58750,-0.024568
58750,-0.041399
58750,0.014582
58750,-0.015909
58750,-0.048717
58750,-0.050058
58750,0.026839
58750,0.17331
58750,0.35809
58750,0.20246
58750,0.037266
58750,0.0073248
58750,-0.070853
58750,-0.13744
58750,-0.058291
58750,0.040437
58750,-0.021458
58750,-0.19659
58750,-0.33813
58750,-0.19245
58750,0.036413
58750,0.10867
58750,0.089283
58750,0.16252
58750,0.18947
58750,0.13917
58750,0.044035
58750,0.020802
58750,0.012447
58750,-0.098599
58750,-0.069999
58750,0.18795
58750,0.51651
58750,0.48676
58750,0.25174
58750,0.0074468
58750,-0.022556
58750,0.10648
58750,0.17649
58750,0.066903
58750,-0.070426
58750,-0.12226
58750,-0.054754
58750,0.066842
58750,0.21051
58750,0.2318
58750,0.043547
58750,-0.19794
58750,-0.28953
58750,-0.26739
58750,-0.18434
58750,-0.12445
58750,-0.14562
58750,-0.1419
58750,-0.10683
58750,-0.0085912
58750,0.10075
58750,0.10416
58750,0.033851
58750,-0.01786
58750,-0.14702
58750,-0.13787
58750,-0.07067
58750,-0.031032
58750,-0.0024931
58750,-0.092013
58750,-0.059815
58750,0.12673
58750,0.41925
58750,0.40577
58750,0.12709
58750,-0.12256
58750,-0.13122
58750,0.078002
58750,0.13715
58750,-0.023531
58750,-0.24745
58750,-0.21166
58750,0.097698
58750,0.36967
58750,0.46297
58750,0.33735
58750,0.063427
58750,-0.18861
58750,-0.18367
58750,-0.11641
58750,-0.12726
58750,-0.10506
58750,-0.036276
58750,0.070623
58750,0.099345
58750,0.0016536
58750,-0.0875
58750,-0.081158
58750,-0.13189
58750,-0.10305
58750,-0.024568
58750,-0.046948
58750,-0.24392
58750,-0.18415
58750,0.11587
58750,0.19856
58750,0.042084
58750,0.067147
58750,0.16191
58750,0.21131
58750,0.25259
58750,0.0891
58750,-0.0087741
58750,0.055073
58750,0.0020195
58750,-0.1022
58750,-0.014994
58750,0.053487
58750,0.087027
58750,0.16112
58750,0.37449
58750,0.47456
58750,0.45779
58750,0.089771
58750,-0.21221
58750,-0.26056
58750,-0.17891
58750,-0.079512
58750,0.09593
58750,0.23283
58750,0.090381
58750,-0.099879
58750,-0.14879
58750,-0.00603
58750,-0.030666
58750,-0.12976
58750,-0.16696
58750,-0.1139
58750,-0.063047
58750,0.051841
58750,0.11483
58750,0.080258
58750,0.064159
58750,0.12892
58750,0.24478
58750,0.30887
58750,0.16039
58750,0.0027513
58750,0.058671
58750,0.13343
58750,-0.0015784
58750,-0.17733
58750,-0.25556
58750,-0.21343
58750,-0.086281
58750,0.087332
58750,0.19326
58750,0.2546
58750,0.32272
58750,0.24058
58750,0.042877
58750,-0.078902
58750,-0.082561
58750,-0.0087741
58750,0.028363
58750,-0.0086521
58750,-0.084939
58750,-0.12403
58750,-0.10714
58750,-0.20056
58750,-0.25178
58750,-0.2316
58750,-0.18647
58750,-0.13275
58750,-0.11622
58750,-0.042375
58750,0.073428
58750,0.18258
58750,0.11764
58750,-0.0066398
58750,-0.091159
58750,-0.048473
58750,0.13374
58750,0.29906
58750,0.16447
58750,-0.16915
58750,-0.23788
58750,-0.050241
58750,0.045072
58750,-0.13891
58750,-0.31575
58750,-0.29721
58750,-0.014079
58750,0.29229
58750,0.36382
58750,0.16106
58750,0.031351
58750,0.06422
58750,0.14587
58750,0.2957
58750,0.42315
58750,0.41693
58750,0.31851
58750,0.060927
58750,-0.19824
58750,-0.23892
58750,-0.12238
58750,-0.067072
58750,-0.085061
58750,-0.29362
58750,-0.42533
58750,-0.30471
58750,0.0025074
58750,0.17868
58750,0.13008
58750,0.072025
58750,0.1677
58750,0.29765
58750,0.31595
58750,0.14136
58750,-0.0067007
58750,0.0841
58750,0.29302
58750,0.37412
58750,0.15728
58750,-0.21507
58750,-0.43558
58750,-0.33033
58750,-0.10811
58750,-0.10299
58750,-0.099331
58750,-0.00603
58750,0.15362
58750,0.14185
58750,0.0084835
58750,-0.13744
58750,-0.097501
58750,0.13221
58750,0.29326
58750,0.27735
58750,0.13045
58750,0.012142
58750,0.013057
58750,0.062208
58750,0.054219
58750,-0.016885
58750,-0.10323
58750,-0.042862
58750,0.1413
58750,0.18582
58750,0.05367
58750,-0.005908
58750,0.20527
58750,0.41638
58750,0.35034
58750,0.054341
58750,-0.13403
58750,-0.041277
58750,0.14929
58750,0.13416
58750,-0.029081
58750,-0.17775
58750,-0.13555
58750,-0.024263
58750,-0.033959
58750,-0.20922
58750,-0.3152
58750,-0.14842
58750,0.14038
58750,0.2771
58750,0.12392
58750,-0.078597
58750,-0.10043
58750,0.08721
58750,0.26259
58750,0.20161
58750,-0.079573
58750,-0.30697
58750,-0.26733
58750,-0.099392
58750,0.052817
58750,0.0074468
58750,-0.17129
58750,-0.18769
58750,0.012081
58750,0.24454
58750,0.24808
58750,0.12014
58750,0.003483
58750,0.013179
58750,0.1166
58750,0.24198
58750,0.30759
58750,0.24856
58750,0.10599
58750,-0.019751
58750,0.0083615
58750,0.17466
58750,0.22448
58750,0.092393
58750,-0.085671
58750,-0.16995
58750,-0.14446
58750,-0.02408
58750,0.098003
58750,0.048792
58750,-0.031947
58750,0.034461
58750,0.07605
58750,0.081721
58750,-0.067682
58750,-0.2416
58750,-0.22672
58750,0.093491
58750,0.23588
58750,0.037876
58750,-0.25764
58750,-0.39637
58750,-0.13915
58750,0.30308
58750,0.34833
58750,-0.036398
58750,-0.21111
58750,-0.1636
58750,0.035315
58750,0.28186
58750,0.4101
58750,0.21314
58750,0.028851
58750,0.025314
58750,0.04556
58750,0.029522
58750,0.034339
58750,0.073184
58750,0.1002
58750,0.035742
58750,-0.1086
58750,-0.21141
58750,-0.090915
58750,0.12252
58750,0.17472
58750,0.072635
58750,-0.0080423
58750,-0.016702
58750,-0.072499
58750,-0.022983
58750,0.083673
58750,0.098064
58750,-0.0278
58750,-0.10525
58750,-0.059083
58750,0.0054344
58750,-0.032008
58750,-0.11702
58750,-0.12958
58750,-0.030727
58750,0.081356
58750,0.12666
58750,0.048121
58750,-0.12805
58750,-0.089574
58750,0.14215
58750,0.29192
58750,0.27094
58750,0.18557
58750,0.085502
58750,0.053365
58750,0.19454
58750,0.19472
58750,0.032144
58750,-0.15275
58750,-0.32783
58750,-0.36179
58750,-0.13311
58750,0.13203
58750,0.10038
58750,-0.15129
58750,-0.23593
58750,-0.094696
58750,0.12709
58750,0.11477
58750,-0.15623
58750,-0.34045
58750,-0.2344
58750,-0.016336
58750,0.2135
58750,0.15112
58750,-0.11037
58750,-0.22105
58750,-0.12092
58750,0.058488
58750,0.091722
58750,0.083124
58750,0.018057
58750,-0.080305
58750,-0.13757
58750,-0.0088351
58750,0.23637
58750,0.45919
58750,0.55286
58750,0.3354
58750,-0.065547
58750,-0.20946
58750,0.00098283
58750,0.23125
58750,0.2393
58750,0.063793
58750,-0.16403
58750,-0.21154
58750,-0.11689
58750,0.04806
58750,0.07355
58750,-0.0022491
58750,0.017387
58750,0.068976
58750,-0.028593
58750,-0.17391
58750,-0.15086
58750,0.018545
58750,0.14093
58750,0.093979
58750,-0.07445
58750,-0.10232
58750,0.017021
58750,0.11532
58750,0.074343
58750,-0.096891
58750,-0.24032
58750,-0.29801
58750,-0.17415
58750,-5.3841e-05
58750,0.11532
58750,0.13252
58750,0.16319
58750,0.19637
58750,0.22686
58750,0.19746
58750,0.16734
58750,0.21283
58750,0.17161
58750,-0.0043225
58750,-0.16458
58750,-0.10738
58750,0.12044
58750,0.13642
58750,-0.12726
58750,-0.28288
58750,-0.077195
58750,0.25771
58750,0.32278
58750,0.09221
58750,-0.14958
58750,-0.26788
58750,-0.27111
58750,-0.1408
58750,0.084527
58750,0.22692
58750,0.070745
58750,-0.22099
58750,-0.32087
58750,-0.218
58750,-0.029508
58750,0.06361
58750,0.015984
58750,-0.098172
58750,-0.08933
58750,-0.030971
58750,0.038303
58750,0.19161
58750,0.30101
58750,0.25046
58750,0.058061
58750,0.11313
58750,0.23777
58750,0.26527
58750,0.10886
58750,-0.039325
58750,-0.02219
58750,0.041352
58750,-0.087561
58750,-0.31654
58750,-0.3374
58750,-0.14616
58750,0.10996
58750,0.26405
58750,0.16648
58750,-0.13586
58750,-0.22733
58750,0.026961
58750,0.29717
58750,0.21051
58750,-0.047375
58750,-0.1408
58750,-0.032435
58750,0.076538
58750,0.0020805
58750,-0.14305
58750,-0.27532
58750,-0.21702
58750,-0.11293
58750,-0.042557
58750,0.099223
58750,0.19191
58750,-0.046521
58750,-0.3563
58750,-0.27422
58750,0.090503
58750,0.36864
58750,0.43175
58750,0.27387
58750,0.084527
58750,0.03873
58750,0.14051
58750,0.30442
58750,0.18435
58750,-0.18983
58750,-0.50315
58750,-0.34618
58750,0.16094
58750,0.44303
58750,0.22399
58750,-0.099879
58750,-0.087927
58750,0.2171
58750,0.37083
58750,0.082636
58750,-0.3782
58750,-0.47656
58750,-0.13757
58750,0.24917
58750,0.26375
58750,-0.16001
58750,-0.51394
58750,-0.33868
58750,0.084953
58750,0.19551
58750,-0.069389
58750,-0.32935
58750,-0.27313
58750,-0.10787
58750,-0.11153
58750,-0.19788
58750,-0.012921
58750,0.41205
58750,0.65244
58750,0.46742
58750,0.13874
58750,-0.030056
58750,-0.10329
58750,-0.022068
58750,0.11154
58750,0.095381
58750,-0.039325
58750,-0.086951
58750,0.062573
58750,0.32333
58750,0.4831
58750,0.28601
58750,-0.039325
58750,-0.12348
58750,-0.025361
58750,-0.1039
58750,-0.1086
58750,0.010374
58750,-0.084268
58750,-0.11647
58750,0.14935
58750,0.25521
58750,0.035742
58750,-0.26703
58750,-0.43662
58750,-0.36618
58750,-0.22391
58750,-0.25288
58750,-0.213
58750,-0.076158
58750,0.0033001
58750,-0.14714
58750,-0.26721
58750,-0.16275
58750,0.17185
58750,0.48852
58750,0.37022
58750,-0.033715
58750,-0.42302
58750,-0.42765
58750,-0.062498
58750,0.36418
58750,0.43895
58750,0.056841
58750,-0.37557
58750,-0.29563
58750,0.2174
58750,0.58024
58750,0.46316
58750,0.098369
58750,-0.073109
58750,-0.080853
58750,0.020619
58750,0.098247
58750,0.18636
58750,0.22997
58750,0.22832
58750,0.12362
58750,0.033242
58750,0.070379
58750,0.09715
58750,0.0064101
58750,-0.049875
58750,-0.10793
58750,-0.21922
58750,-0.22026
58750,-0.31795
58750,-0.37716
58750,-0.076402
58750,0.33376
58750,0.48029
58750,0.22118
58750,-0.14013
58750,-0.2916
58750,-0.19227
58750,-0.039386
58750,-0.024263
58750,-0.031215
58750,-0.072011
58750,-0.087988
58750,-0.021031
58750,0.15801
58750,0.32784
58750,0.55225
58750,0.48718
58750,0.0029342
58750,-0.33972
58750,-0.19019
58750,0.11965
58750,0.17984
58750,-0.092623
58750,-0.41363
58750,-0.30807
58750,0.070013
58750,0.38321
58750,0.24997
58750,-0.05079
58750,-0.15812
58750,-0.032252
58750,0.13862
58750,0.17819
58750,-0.084878
58750,-0.38789
58750,-0.34051
58750,0.14197
58750,0.46492
58750,0.40907
58750,0.10965
58750,-0.066157
58750,-0.012189
58750,0.060439
58750,-0.01225
58750,-0.1347
58750,-0.13281
58750,0.07044
58750,0.3476
58750,0.46895
58750,0.4434
58750,0.22789
58750,0.060378
58750,-0.00048071
58750,-0.0084082
58750,0.11849
58750,0.12386
58750,-0.17025
58750,-0.51607
58750,-0.59077
58750,-0.46643
58750,-0.26715
58750,-0.072682
58750,-0.024019
58750,0.025131
58750,-0.0039566
58750,-0.15123
58750,-0.26569
58750,-0.11872
58750,0.16075
58750,0.17057
58750,0.03001
58750,0.0028123
58750,0.018728
58750,0.041718
58750,0.15008
58750,0.17411
58750,0.02568
58750,-0.053412
58750,-0.14464
58750,-0.18233
58750,-0.070243
58750,0.041413
58750,-0.020482
58750,-0.013714
58750,0.1038
58750,0.23192
58750,0.2957
58750,0.1016
58750,-0.039143
58750,0.090747
58750,0.61725
58750,0.71537
58750,0.31942
58750,-0.44064
58750,-0.87074
58750,-0.75841
58750,-0.27392
58750,-0.075914
58750,-0.040179
58750,0.096662
58750,0.20685
58750,0.17923
58750,0.063854
58750,-0.008957
58750,-0.14007
58750,-0.23312
58750,-0.19105
58750,-0.044631
58750,0.019338
58750,0.073001
58750,0.20813
58750,0.19021
58750,-0.037313
58750,-0.19964
58750,-0.1086
58750,0.1016
58750,0.21411
58750,0.00092185
58750,-0.2491
58750,-0.23044
58750,0.19874
58750,0.63073
58750,0.60366
58750,0.20289
58750,-0.081646
58750,0.12124
58750,0.53505
58750,0.67994
58750,0.25338
58750,-0.32502
58750,-0.43046
58750,-0.26605
58750,-0.26953
58750,-0.41387
58750,-0.44954
58750,-0.14879
58750,0.23917
58750,0.22618
58750,-0.08378
58750,-0.30758
58750,-0.25495
58750,0.090625
58750,0.3032
58750,0.17831
58750,-0.04396
58750,0.075989
58750,0.37754
58750,0.42096
58750,0.13502
58750,-0.27904
58750,-0.25288
58750,0.10264
58750,0.32766
58750,0.14746
58750,-0.1658
58750,-0.27715
58750,-0.12659
58750,0.051292
58750,0.058549
58750,0.073123
58750,0.23204
58750,0.43761
58750,0.4834
58750,0.38297
58750,0.13813
58750,-0.14629
58750,0.060134
58750,0.1374
58750,-0.23483
58750,-0.78768
58750,-0.78286
58750,-0.44942
58750,-0.04518
58750,0.040559
58750,-0.11647
58750,-0.17915
58750,-0.14116
58750,-0.20019
58750,-0.22727
58750,-0.11677
58750,-0.043289
58750,0.09715
58750,0.14764
58750,-0.033349
58750,-0.052009
58750,0.21948
58750,0.46767
58750,0.45187
58750,0.12605
58750,-0.29727
58750,-0.35136
58750,0.11697
58750,0.46547
58750,0.30552
58750,-0.15427
58750,-0.31941
58750,-0.0015784
58750,0.45023
58750,0.5917
58750,0.32302
58750,0.006898
58750,-0.062681
58750,0.093613
58750,0.29772
58750,0.32241
58750,0.18893
58750,-0.027434
58750,-0.08683
58750,0.032205
58750,0.0055564
58750,-0.10116
58750,0.063488
58750,0.14728
58750,-0.24532
58750,-0.63846
58750,-0.55541
58750,-0.30435
58750,-0.13921
58750,-0.21867
58750,-0.42039
58750,-0.36637
58750,0.0605
58750,0.31552
58750,0.12227
58750,-0.12006
58750,-0.10573
58750,0.14697
58750,0.37059
58750,0.10185
58750,-0.39173
58750,-0.38905
58750,0.046596
58750,0.35979
58750,0.32632
58750,0.052146
58750,-0.22282
58750,-0.1075
58750,0.27601
58750,0.29845
58750,-0.067011
58750,-0.35155
58750,-0.31478
58750,-0.077256
58750,0.18905
58750,0.16155
58750,-0.030117
58750,0.028119
58750,0.30333
58750,0.52133
58750,0.55152
58750,0.38071
58750,0.15557
58750,0.054707
58750,0.052268
58750,0.073306
58750,0.049402
58750,0.045499
58750,0.048182
58750,0.026351
58750,-0.0064568
58750,0.0039099
58750,-0.049021
58750,-0.16647
58750,-0.25422
58750,-0.20062
58750,-0.1647
58750,-0.17348
58750,-0.19836
58750,-0.2216
58750,-0.074146
58750,0.13606
58750,0.22484
58750,0.17771
58750,0.07727
58750,-0.14702
58750,-0.29538
58750,-0.26575
58750,-0.19861
58750,-0.097196
58750,-0.0077374
58750,-0.097623
58750,-0.17714
58750,0.027266
58750,0.3276
58750,0.35309
58750,0.18246
58750,0.042938
58750,0.028058
58750,0.077453
58750,0.055439
58750,0.038242
58750,0.16655
58750,0.33796
58750,0.31034
58750,0.146
58750,0.015801
58750,-0.0050543
58750,0.098796
58750,0.24167
58750,0.10599
58750,-0.14122
58750,-0.30325
58750,-0.23379
58750,0.083002
58750,0.28967
58750,0.074953
58750,-0.20373
58750,-0.099635
58750,0.18386
58750,0.27277
58750,0.13441
58750,-0.12415
58750,-0.28008
58750,-0.15799
58750,0.031412
58750,0.043425
58750,-0.21611
58750,-0.50729
58750,-0.45479
58750,-0.15891
58750,0.12782
58750,0.12483
58750,-0.10061
58750,-0.11494
58750,0.16545
58750,0.35711
58750,0.32369
58750,0.20307
58750,0.066781
58750,0.036962
58750,0.11483
58750,0.18185
58750,0.091295
58750,-0.00914
58750,0.034217
58750,0.25442
58750,0.24966
58750,0.014399
58750,-0.22483
58750,-0.17135
58750,0.025985
58750,0.20722
58750,0.34949
58750,0.24978
58750,-0.026824
58750,-0.066035
58750,0.21899
58750,0.33705
58750,0.12758
58750,-0.20574
58750,-0.32191
58750,-0.23532
58750,-0.017677
58750,0.13319
58750,0.091112
58750,0.016411
58750,-0.009201
58750,0.053609
58750,0.11008
58750,0.12087
58750,0.039096
58750,-0.1122
58750,-0.087134
58750,0.055134
58750,0.16978
58750,0.15795
58750,0.11557
58750,0.12618
58750,0.1602
58750,0.1738
58750,-0.034142
58750,-0.2852
58750,-0.43082
58750,-0.36258
58750,-0.25806
58750,-0.3152
58750,-0.48101
58750,-0.52071
58750,-0.23038
58750,0.15398
58750,0.33363
58750,0.12947
58750,-0.18403
58750,-0.35582
58750,-0.31069
58750,-0.12744
58750,-0.0063349
58750,0.0050685
58750,0.064403
58750,0.14862
58750,0.18252
58750,0.20405
58750,0.1824
58750,0.056475
58750,-0.022983
58750,-0.075792
58750,-0.14946
58750,-0.11451
58750,0.011715
58750,0.15264
58750,0.33613
58750,0.5703
58750,0.59677
58750,0.38931
58750,0.17295
58750,0.15734
58750,0.24826
58750,0.22948
58750,0.12819
58750,0.075501
58750,-0.024995
58750,-0.17537
58750,-0.24148
58750,-0.13452
58750,-0.023227
58750,0.01946
58750,-0.012738
58750,-0.032191
58750,-0.056522
58750,-0.29099
58750,-0.61877
58750,-0.64932
58750,-0.29471
58750,0.12032
58750,0.29046
58750,0.17868
58750,0.023241
58750,-0.043289
58750,-0.0049323
58750,0.0062272
58750,-0.0228
58750,-0.052985
58750,-0.13421
58750,-0.10262
58750,0.043486
58750,0.071843
58750,0.01202
58750,0.069403
58750,0.26247
58750,0.33247
58750,0.30583
58750,0.19783
58750,0.018423
58750,-0.069694
58750,-0.03896
58750,0.081782
58750,0.23936
58750,0.39272
58750,0.28808
58750,-0.018409
58750,-0.11872
58750,-0.018897
58750,0.17331
58750,0.35217
58750,0.18588
58750,-0.2233
58750,-0.45198
58750,-0.2377
58750,0.068306
58750,0.14368
58750,-0.092013
58750,-0.30477
58750,-0.27233
58750,-0.11043
58750,0.024704
58750,0.070501
58750,0.053426
58750,-0.019507
58750,-0.091281
58750,-0.073231
58750,-0.03713
58750,-0.010786
58750,0.0057393
58750,-0.043899
58750,-0.10409
58750,-0.079512
58750,-0.035484
58750,0.024643
58750,0.077819
58750,0.056475
58750,-0.01969
58750,-0.075487
58750,-0.16617
58750,-0.22166
58750,-0.16373
58750,-0.058961
58750,0.0079346
58750,0.05861
58750,0.1538
58750,0.24905
58750,0.29028
58750,0.13002
58750,-0.042618
58750,-0.088049
58750,-0.021824
58750,0.082514
58750,0.088124
58750,-0.024324
58750,-0.034447
58750,0.12179
58750,0.19893
58750,0.019643
58750,-0.17989
58750,-0.19086
58750,-0.022983
58750,0.15789
58750,0.17496
58750,0.14587
58750,0.12337
58750,0.14423
58750,0.17295
58750,0.30637
58750,0.3343
58750,0.25387
58750,0.14734
58750,0.10752
58750,0.13526
58750,0.11807
58750,-0.084756
58750,-0.2477
58750,-0.22026
58750,-0.15836
58750,-0.19239
58750,-0.16909
58750,-0.11677
58750,0.076172
58750,0.20533
58750,0.1113
58750,-0.064633
58750,-0.18745
58750,-0.2319
58750,-0.14427
58750,-0.022983
58750,0.080624
58750,0.15965
58750,0.13459
58750,-0.0067617
58750,-0.15927
58750,-0.15635
58750,-0.11561
58750,-0.0098717
58750,0.020009
58750,0.043425
58750,0.028912
58750,0.076538
58750,0.17399
58750,0.20868
58750,0.24039
58750,0.32479
58750,0.30857
58750,0.2285
58750,0.18435
58750,0.23551
58750,0.27534
58750,0.25515
58750,0.23369
58750,0.24606
58750,0.28253
58750,0.19563
58750,0.031778
58750,-0.1158
58750,0.023424
58750,0.28625
58750,0.24649
58750,0.0062882
58750,-0.20221
58750,-0.28587
58750,-0.19403
58750,-0.10543
58750,-0.17361
58750,-0.29563
58750,-0.38734
58750,-0.41491
58750,-0.27581
58750,-0.25367
58750,-0.51796
58750,-0.5512
58750,-0.2752
58750,-0.0825
58750,-0.12824
58750,-0.15824
58750,-0.074938
58750,0.092576
58750,0.26204
58750,0.19563
58750,-0.047924
58750,-0.1308
58750,0.13069
58750,0.39339
58750,0.37455
58750,0.13362
58750,0.023485
58750,0.11794
58750,0.2632
58750,0.24045
58750,0.074831
58750,0.076294
58750,0.32503
58750,0.64396
58750,0.60024
58750,0.26729
58750,0.049767
58750,0.084222
58750,0.22826
58750,0.14307
58750,-0.18233
58750,-0.28733
58750,-0.17281
58750,-0.087744
58750,-0.14122
58750,-0.29215
58750,-0.24642
58750,0.098857
58750,0.21856
58750,-0.055912
58750,-0.38521
58750,-0.23946
58750,0.3132
58750,0.92948
58750,0.7994
58750,0.037632
58750,-0.70877
58750,-0.91812
58750,-0.64621
58750,-0.39204
58750,-0.23422
58750,0.013545
58750,0.186
58750,-0.13165
58750,-0.6037
58750,-0.55815
58750,-0.26904
58750,-0.1969
58750,-0.46497
58750,-0.54175
58750,-0.16324
58750,0.51401
58750,0.86026
58750,0.5531
58750,0.022143
58750,-0.090122
58750,0.34321
58750,0.92185
58750,0.89295
58750,0.095198
58750,-0.47662
58750,-0.2913
58750,0.2993
58750,0.68921
58750,0.85752
58750,0.78032
58750,0.64256
58750,0.5403
58750,0.36437
58750,0.2074
58750,0.17795
58750,0.055622
58750,-0.30941
58750,-0.71286
58750,-0.88318
58750,-0.58986
58750,-0.087805
58750,0.15947
58750,0.052938
58750,-0.36588
58750,-1.0858
58750,-1.5758
58750,-1.2121
58750,-0.28252
58750,0.54335
58750,0.77379
58750,0.52359
58750,0.01513
58750,-0.3671
58750,-0.20599
58750,0.34315
58750,0.84227
58750,0.98186
58750,0.60341
58750,-0.072133
58750,-0.47229
58750,-0.37271
58750,-0.033227
58750,0.094527
58750,-0.21757
58750,-0.7167
58750,-1.0241
58750,-0.9627
58750,-0.56217
58750,-0.18745
58750,-0.029873
58750,-0.035606
58750,-0.092074
58750,-0.23331
58750,-0.19861
58750,0.18228
58750,0.70873
58750,0.96436
58750,0.99808
58750,1.0095
58750,1.0233
58750,0.90289
58750,0.79959
58750,1.0474
58750,1.2868
58750,1.1875
58750,0.75385
58750,0.25314
58750,0.012935
58750,0.085685
58750,0.17618
58750,0.056048
58750,-0.093659
58750,-0.28709
58750,-0.53138
58750,-0.65755
58750,-0.61791
58750,-0.35679
58750,-0.17147
58750,-0.28916
58750,-0.57553
58750,-0.58023
58750,-0.36466
58750,-0.035545
58750,0.36595
58750,0.55762
58750,0.42358
58750,0.17892
58750,0.10965
58750,0.083673
58750,0.077575
58750,0.080014
58750,0.056658
58750,0.045804
58750,0.075318
58750,-0.1025
58750,-0.509
58750,-0.63291
58750,-0.34886
58750,-0.080792
58750,-0.25062
58750,-0.65206
58750,-0.87208
58750,-0.67981
58750,-0.30221
58750,-0.018226
58750,0.16728
58750,0.2249
58750,0.19533
58750,0.13941
58750,0.24125
58750,0.41022
58750,0.51792
58750,0.59896
58750,0.64439
58750,0.60213
58750,0.40083
58750,0.1463
58750,0.066659
58750,0.29009
58750,0.48987
58750,0.32595
58750,-0.021824
58750,-0.30136
58750,-0.32417
58750,-0.18623
58750,0.039279
58750,0.024034
58750,-0.034752
58750,0.05989
58750,0.2185
58750,0.28162
58750,0.34473
58750,0.3365
58750,0.31266
58750,0.24698
58750,0.26003
58750,0.30637
58750,0.28973
58750,0.12465
58750,-0.037008
58750,0.058976
58750,0.16435
58750,0.15557
58750,-0.044143
58750,-0.17598
58750,-0.27197
58750,-0.31508
58750,-0.31289
58750,-0.39076
58750,-0.43259
58750,-0.49418
58750,-0.49418
58750,-0.4446
58750,-0.35197
58750,-0.24642
58750,-0.29776
58750,-0.41674
58750,-0.37143
58750,-0.11183
58750,0.1813
58750,0.23991
58750,0.090442
58750,-0.13458
58750,-0.074633
58750,0.24606
58750,0.41669
58750,0.38467
58750,0.14087
58750,-0.072072
58750,-0.14677
58750,-0.18111
58750,-0.19952
58750,-0.24398
58750,-0.30307
58750,-0.35478
58750,-0.38923
58750,-0.30337
58750,-0.22385
58750,-0.10878
58750,-0.010604
58750,0.02196
58750,0.0020805
58750,-0.067316
58750,-0.15952
58750,-0.16958
58750,0.075623
58750,0.30595
58750,0.29576
58750,0.12868
58750,-0.088293
58750,-0.18891
58750,-0.045728
58750,0.11197
58750,0.0048856
58750,-0.20324
58750,-0.19385
58750,0.083124
58750,0.40022
58750,0.51328
58750,0.36486
58750,0.23131
58750,0.21082
58750,0.32089
58750,0.38022
58750,0.32656
58750,0.19838
58750,0.11392
58750,0.13685
58750,0.24661
58750,0.21637
58750,0.054829
58750,-0.071584
58750,-0.016153
58750,0.11807
58750,0.17685
58750,0.037937
58750,-0.18361
58750,-0.23263
58750,-0.099209
58750,-0.015116
58750,-0.080488
58750,-0.17092
58750,-0.27111
58750,-0.24392
58750,-0.079817
58750,-0.13147
58750,-0.37356
58750,-0.48003
58750,-0.35454
58750,-0.15555
58750,-0.0303
58750,-0.098538
58750,-0.14147
58750,-0.073292
58750,0.10325
58750,0.24082
58750,0.14325
58750,-0.12354
58750,-0.2916
58750,-0.1983
58750,0.05617
58750,0.26186
58750,0.19179
58750,-0.11921
58750,-0.37929
58750,-0.32508
58750,-0.023288
58750,0.24497
58750,0.20277
58750,-0.092074
58750,-0.25581
58750,-0.091098
58750,0.17777
58750,0.23338
58750,0.12764
58750,0.093796
58750,0.2535
58750,0.36187
58750,0.26716
58750,0.16673
58750,0.11118
58750,0.15093
58750,0.25637
58750,0.36479
58750,0.32656
58750,0.18417
58750,0.17118
58750,0.35193
58750,0.4723
58750,0.29595
58750,0.010374
58750,0.10965
58750,0.39675
58750,0.47676
58750,0.18551
58750,-0.23105
58750,-0.2616
58750,-0.024568
58750,0.19191
58750,0.21295
58750,0.06794
58750,-0.21684
58750,-0.48473
58750,-0.5451
58750,-0.26215
58750,0.12996
58750,0.21314
58750,0.030071
58750,-0.26843
58750,-0.57126
58750,-0.50186
58750,-0.037984
58750,0.28332
58750,0.090198
58750,-0.37155
58750,-0.56766
58750,-0.28465
58750,0.18899
58750,0.344
58750,0.14228
58750,-0.12708
58750,-0.19928
58750,-0.016885
58750,0.29296
58750,0.44578
58750,0.30918
58750,0.15343
58750,0.15935
58750,0.33424
58750,0.35235
58750,0.23942
58750,0.2174
58750,0.24405
58750,0.14819
58750,-0.096708
58750,-0.34642
58750,-0.35716
58750,-0.19208
58750,-0.11019
58750,-0.13031
58750,-0.16165
58750,-0.27532
58750,-0.31526
58750,-0.10945
58750,0.24113
58750,0.29009
58750,0.009825
58750,-0.22093
58750,-0.22269
58750,-0.050424
58750,0.16441
58750,0.17423
58750,-0.023349
58750,-0.22276
58750,-0.30868
58750,-0.28697
58750,-0.14007
58750,0.18112
58750,0.24155
58750,0.044218
58750,-0.063169
58750,0.046048
58750,0.31918
58750,0.64951
58750,0.56353
58750,0.17063
58750,-0.075609
58750,-0.074328
58750,0.13191
58750,0.38754
58750,0.32052
58750,-0.10061
58750,-0.32789
58750,-0.13543
58750,0.25265
58750,0.45809
58750,0.21185
58750,-0.21721
58750,-0.32197
58750,-0.1511
58750,0.02568
58750,0.10038
58750,0.11514
58750,-0.068596
58750,-0.27258
58750,-0.283
58750,-0.14421
58750,-0.16196
58750,-0.30831
58750,-0.3513
58750,-0.28355
58750,-0.23501
58750,-0.10415
58750,0.081051
58750,0.16453
58750,0.061293
58750,-0.077865
58750,-0.069572
58750,0.11496
58750,0.43858
58750,0.50682
58750,0.26265
58750,0.023058
58750,-0.06945
58750,0.03934
58750,0.21253
58750,0.28198
58750,0.19771
58750,0.094283
58750,0.015984
58750,0.10197
58750,0.21381
58750,0.093735
58750,-0.083719
58750,-0.10372
58750,-0.054815
58750,-0.25331
58750,-0.54303
58750,-0.58651
58750,-0.35588
58750,0.020253
58750,0.24735
58750,0.075562
58750,-0.25569
58750,-0.43229
58750,-0.34819
58750,-0.082073
58750,0.24796
58750,0.34937
58750,0.23411
58750,0.16063
58750,0.1163
58750,-0.024263
58750,-0.070609
58750,0.15868
58750,0.40394
58750,0.47871
58750,0.2446
58750,-0.083902
58750,-0.18342
58750,-0.055302
58750,0.09471
58750,0.14581
58750,0.18423
58750,0.087819
58750,0.14563
58750,0.2771
58750,0.22088
58750,0.060988
58750,0.12697
58750,0.22204
58750,0.04867
58750,-0.33441
58750,-0.41021
58750,-0.26288
58750,-0.20434
58750,-0.34319
58750,-0.5565
58750,-0.5562
58750,-0.33661
58750,-0.037862
58750,-0.072926
58750,-0.30447
58750,-0.35185
58750,-0.17385
58750,0.083307
58750,0.24911
58750,0.10654
58750,-0.11689
58750,0.014338
58750,0.53243
58750,0.82428
58750,0.69848
58750,0.37492
58750,0.16033
58750,0.26308
58750,0.36449
58750,0.16892
58750,-0.22398
58750,-0.27319
58750,-0.02158
58750,0.16087
58750,0.24052
58750,-0.050302
58750,-0.13982
58750,-0.078414
58750,-0.2033
58750,-0.48467
58750,-0.4443
58750,-0.27093
58750,-0.28672
58750,-0.56547
58750,-0.89013
58750,-0.68054
58750,-0.0001758
58750,0.31333
58750,-0.19599
58750,-0.72359
58750,-0.58266
58750,-0.016153
58750,0.29698
58750,0.10624
58750,-0.29544
58750,-0.38064
58750,-0.018348
58750,0.40315
58750,0.50529
58750,0.44114
58750,0.47761
58750,0.65744
58750,0.63506
58750,0.31241
58750,0.0028123
58750,-0.092501
58750,-0.027861
58750,-0.024263
58750,-0.11214
58750,-0.23885
58750,-0.18348
58750,0.089039
58750,0.26704
58750,0.19966
58750,0.12233
58750,0.1713
58750,0.24899
58750,0.33869
58750,0.30314
58750,0.010801
58750,-0.11464
58750,0.19826
58750,0.53524
58750,0.61055
58750,0.27058
58750,-0.28483
58750,-0.6295
58750,-0.6348
58750,-0.45156
58750,-0.23849
58750,-0.12604
58750,-0.22434
58750,-0.44046
58750,-0.47784
58750,-0.23135
58750,0.16911
58750,0.5728
58750,0.73318
58750,0.61378
58750,0.50786
58750,0.5617
58750,0.67927
58750,0.71873
58750,0.47615
58750,0.12849
58750,-0.0044445
58750,0.28979
58750,0.54475
58750,0.39108
58750,0.023363
58750,-0.14964
58750,-0.13635
58750,-0.019263
58750,-0.058473
58750,-0.37478
58750,-0.7414
58750,-0.78018
58750,-0.4493
58750,-0.087439
58750,0.068001
58750,-0.11427
58750,-0.26477
58750,-0.25837
58750,-0.20416
58750,-0.16117
58750,-0.17025
58750,-0.11214
58750,-0.1111
58750,-0.093598
58750,-0.10433
58750,-0.1697
58750,-0.13598
58750,-0.0049323
58750,0.11916
58750,0.14825
58750,0.12788
58750,0.086234
58750,0.096357
58750,0.12642
58750,0.15356
58750,0.12343
58750,0.097211
58750,-0.0049933
58750,-0.067499
58750,-0.026946
58750,0.10148
58750,0.27094
58750,0.31638
58750,0.31442
58750,0.19191
58750,-0.032313
58750,-0.018165
58750,0.13654
58750,0.13648
58750,-0.0043225
58750,-0.20653
58750,-0.33966
58750,-0.22202
58750,-0.074267
58750,-0.12073
58750,-0.42997
58750,-0.47967
58750,-0.16415
58750,0.073794
58750,0.017692
58750,-0.21489
58750,-0.31618
58750,-0.13555
58750,0.27893
58750,0.44944
58750,0.15795
58750,-0.14958
58750,-0.21416
58750,-0.023349
58750,0.27619
58750,0.34077
58750,0.082026
58750,-0.15299
58750,-0.17793
58750,-0.1147
58750,0.066415
58750,0.28326
58750,0.39303
58750,0.38095
58750,0.27808
58750,-0.013957
58750,-0.21757
58750,-0.047131
58750,0.28296
58750,0.34382
58750,0.13532
58750,-0.11159
58750,-0.22495
58750,-0.12537
58750,0.0841
58750,0.17569
58750,0.035986
58750,-0.095367
58750,-0.16482
58750,-0.2369
58750,-0.22337
58750,-0.075182
58750,-0.00029776
58750,0.0052515
58750,-0.058473
58750,-0.059205
58750,0.17807
58750,0.41626
58750,0.41547
58750,0.32906
58750,0.24289
58750,0.14154
58750,0.14758
58750,0.10599
58750,-0.088171
58750,-0.25379
58750,-0.16958
58750,0.028607
58750,0.011776
58750,-0.33959
58750,-0.71798
58750,-0.60035
58750,-0.043655
58750,0.27698
58750,0.067452
58750,-0.41369
58750,-0.56205
58750,-0.30825
58750,-0.029873
58750,0.079709
58750,0.039584
58750,0.033242
58750,0.00043401
58750,0.006654
58750,-0.024995
58750,0.020436
58750,0.21192
58750,0.48712
58750,0.4545
58750,0.11868
58750,-0.10299
58750,0.067208
58750,0.4695
58750,0.65842
58750,0.47291
58750,0.14587
58750,0.0044587
58750,-0.0034688
58750,0.055866
58750,-0.0021272
58750,-0.15299
58750,-0.22459
58750,0.0033001
58750,0.22125
58750,0.24838
58750,0.10831
58750,-0.11988
58750,-0.20324
58750,-0.015421
58750,0.092149
58750,-0.11122
58750,-0.24227
58750,-0.17678
58750,-0.050607
58750,0.015069
58750,0.042511
58750,-0.084146
58750,-0.19379
58750,-0.18775
58750,-0.2369
58750,-0.15568
58750,0.097515
58750,0.25442
58750,0.18411
58750,0.037937
58750,0.011959
58750,0.20137
58750,0.52731
58750,0.66128
58750,0.43943
58750,0.18771
58750,0.14002
58750,0.14502
58750,0.11075
58750,0.10185
58750,0.10697
58750,0.094649
58750,0.066049
58750,0.047572
58750,0.038608
58750,0.1066
58750,0.05678
58750,-0.11079
58750,-0.26697
58750,-0.37667
58750,-0.39667
58750,-0.30051
58750,-0.1558
58750,-0.11994
58750,-0.13183
58750,-0.26709
58750,-0.41991
58750,-0.31697
58750,-0.082805
58750,0.0033001
58750,-0.0054202
58750,0.02318
58750,0.095198
58750,0.11343
58750,0.015923
58750,-0.069328
58750,-0.0016393
58750,0.24399
58750,0.42218
58750,0.29363
58750,0.091112
58750,0.10544
58750,0.28058
58750,0.25698
58750,0.048853
58750,-0.1872
58750,-0.20562
58750,0.0074468
58750,0.22368
58750,0.21094
58750,-0.002798
58750,-0.19019
58750,-0.26313
58750,-0.20946
58750,-0.11342
58750,-0.099818
58750,-0.20208
58750,-0.26136
58750,-0.1594
58750,0.00061695
58750,0.075379
58750,0.070928
58750,0.076172
58750,0.013057
58750,-0.15592
58750,-0.12616
58750,0.025314
58750,0.061476
58750,-0.062803
58750,-0.17568
58750,-0.19196
58750,-0.08933
58750,0.022509
58750,0.084892
58750,0.096113
58750,0.13148
58750,0.26235
58750,0.37223
58750,0.39376
58750,0.28619
58750,0.19179
58750,0.18771
58750,0.060012
58750,-0.089757
58750,-0.072499
58750,-0.039569
58750,0.060439
58750,0.14081
58750,0.10971
58750,0.039462
58750,0.084039
58750,0.10367
58750,0.060317
58750,-0.028227
58750,-0.19458
58750,-0.29477
58750,-0.19599
58750,-0.037679
58750,0.087759
58750,0.068915
58750,-0.092562
58750,-0.24843
58750,-0.19123
58750,-0.11903
58750,-0.23678
58750,-0.35338
58750,-0.20629
58750,0.0891
58750,0.23905
58750,0.27906
58750,0.34187
58750,0.42291
58750,0.547
58750,0.59555
58750,0.47944
58750,0.20246
58750,0.10313
58750,0.27186
58750,0.32967
58750,0.15185
58750,-0.058412
58750,-0.35179
58750,-0.58895
58750,-0.49997
58750,-0.18391
58750,-0.028715
58750,-0.21129
58750,-0.52918
58750,-0.71444
58750,-0.63291
58750,-0.37582
58750,-0.11769
58750,-0.025239
58750,-0.12958
58750,-0.14049
58750,0.05489
58750,0.22259
58750,0.26936
58750,0.18856
58750,0.079831
58750,0.078124
58750,0.25893
58750,0.33455
58750,0.23277
58750,0.056475
58750,0.00025106
58750,0.11209
58750,0.30485
58750,0.34632
58750,0.26369
58750,0.11794
58750,0.027936
58750,0.075806
58750,0.1377
58750,0.0018975
58750,-0.11177
58750,-0.07506
58750,-0.085366
58750,-0.046216
58750,0.082453
58750,0.093308
58750,-0.0063958
58750,0.024095
58750,0.1105
58750,0.079404
58750,0.013362
58750,-0.041155
58750,-0.11622
58750,-0.077804
58750,-0.055607
58750,-0.067377
58750,0.01324
58750,0.036901
58750,0.015862
58750,-0.043838
58750,-0.12531
58750,-0.13293
58750,-0.10195
58750,-0.13244
58750,-0.23453
58750,-0.12665
58750,0.010496
58750,0.03812
58750,0.12959
58750,0.28576
58750,0.35071
58750,0.27967
58750,0.14569
58750,0.04684
58750,0.052938
58750,0.11819
58750,0.24911
58750,0.23259
58750,0.050072
58750,-0.055241
58750,0.041047
58750,0.17929
58750,0.399
58750,0.21411
58750,-0.065425
58750,-0.22026
58750,-0.078353
58750,0.045682
58750,0.066842
58750,-0.066157
58750,-0.21928
58750,-0.1272
58750,-0.048777
58750,0.06422
58750,0.17527
58750,0.14112
58750,-0.042375
58750,-0.14244
58750,-0.26099
58750,-0.25447
58750,-0.21623
58750,-0.14531
58750,-0.020238
58750,0.13118
58750,0.1413
58750,0.091844
58750,0.095198
58750,0.13837
58750,0.2654
58750,0.20283
58750,-0.11817
58750,-0.40454
58750,-0.54504
58750,-0.51089
58750,-0.40991
58750,-0.37795
58750,-0.4915
58750,-0.51729
58750,-0.20934
58750,0.014338
58750,-0.055851
58750,-0.15653
58750,-0.081158
58750,0.068367
58750,0.20515
58750,0.25393
58750,0.19984
58750,0.29717
58750,0.4137
58750,0.3315
58750,0.27155
58750,0.29961
58750,0.27302
58750,0.17185
58750,-0.029325
58750,-0.2588
58750,-0.37551
58750,-0.35582
58750,-0.2094
58750,0.028546
58750,0.12215
58750,0.0078127
58750,-0.096038
58750,0.089222
58750,0.42242
58750,0.41638
58750,0.29369
58750,0.28839
58750,0.36681
58750,0.43334
58750,0.5117
58750,0.37919
58750,0.16911
58750,0.034278
58750,0.010191
58750,0.12124
58750,0.18661
58750,0.096174
58750,-0.089452
58750,-0.23093
58750,-0.32557
58750,-0.3302
58750,-0.15873
58750,0.02568
58750,0.086722
58750,-0.037557
58750,-0.089513
58750,0.0086664
58750,0.25765
58750,0.2707
58750,-0.055424
58750,-0.37222
58750,-0.47302
58750,-0.39161
58750,-0.25062
58750,-0.12866
58750,-0.13122
58750,-0.19605
58750,0.046718
58750,0.58097
58750,0.86709
58750,0.67409
58750,0.4545
58750,0.51542
58750,0.74995
58750,0.80514
58750,0.54713
58750,0.33004
58750,0.21783
58750,0.072025
58750,0.11685
58750,0.30948
58750,0.21911
58750,-0.28422
58750,-0.79884
58750,-0.99898
58750,-0.71755
58750,-0.30526
58750,-0.17696
58750,-0.33728
58750,-0.47503
58750,-0.45009
58750,-0.18434
58750,0.071843
58750,0.047206
58750,-0.19586
58750,-0.46894
58750,-0.55284
58750,-0.27276
58750,-0.00029776
58750,-0.11891
58750,-0.3846
58750,-0.34027
58750,-0.24812
58750,-0.17165
58750,-0.0086521
58750,0.18295
58750,0.24564
58750,0.19265
58750,0.14142
58750,0.23058
58750,0.38156
58750,0.43571
58750,0.39352
58750,0.36986
58750,0.36967
58750,0.39821
58750,0.57603
58750,0.57676
58750,0.35376
58750,0.056231
58750,0.27686
58750,0.52566
58750,0.47913
58750,0.0076297
58750,-0.51546
58750,-0.7425
58750,-0.54358
58750,-0.18019
58750,-0.18751
58750,-0.35557
58750,-0.31319
58750,-0.092135
58750,-0.022678
58750,-0.24099
58750,-0.43753
58750,-0.25453
58750,0.16709
58750,0.31339
58750,0.19356
58750,0.18234
58750,0.3687
58750,0.55109
58750,0.55725
58750,0.34278
58750,0.094832
58750,0.12221
58750,0.23155
58750,0.16551
58750,-0.024629
58750,-0.20117
58750,-0.31337
58750,-0.29758
58750,-0.13013
58750,0.054768
58750,0.09282
58750,0.078916
58750,0.015862
58750,-0.072133
58750,-0.020178
58750,0.13282
58750,0.11368
58750,-0.12531
58750,-0.24318
58750,-0.074024
58750,0.23301
58750,0.32979
58750,0.015313
58750,-0.32972
58750,-0.46997
58750,-0.41344
58750,-0.23038
58750,-0.085854
58750,-0.16556
58750,-0.13452
58750,0.16447
58750,0.40675
58750,0.43657
58750,0.40888
58750,0.38443
58750,0.44261
58750,0.48255
58750,0.48694
58750,0.3487
58750,0.25503
58750,0.22338
58750,0.21588
58750,0.14362
58750,0.044645
58750,-0.037008
58750,-0.12336
58750,-0.16751
58750,-0.24501
58750,-0.34124
58750,-0.36594
58750,-0.29874
58750,-0.25319
58750,-0.33283
58750,-0.37844
58750,-0.29032
58750,0.080441
58750,0.39291
58750,0.3679
58750,0.073916
58750,-0.14348
58750,-0.15165
58750,-0.10604
58750,-0.065913
58750,-0.078292
58750,-0.17903
58750,-0.18391
58750,0.057146
58750,0.26857
58750,0.41254
58750,0.46828
58750,0.43761
58750,0.40504
58750,0.44181
58750,0.46499
58750,0.53639
58750,0.57542
58750,0.44998
58750,0.24222
58750,0.12941
58750,0.16106
58750,0.17472
58750,0.11544
58750,-0.0052372
58750,-0.12494
58750,-0.090366
58750,-0.041094
58750,-0.13897
58750,-0.34161
58750,-0.38259
58750,-0.24135
58750,0.055622
58750,0.11788
58750,-0.12885
58750,-0.33685
58750,-0.2852
58750,-0.17665
58750,-0.2158
58750,-0.3874
58750,-0.53138
58750,-0.51735
58750,-0.32148
58750,-0.19275
58750,-0.14397
58750,-0.091525
58750,0.046353
58750,0.22558
58750,0.31802
58750,0.29961
58750,0.13557
58750,0.055012
58750,0.088856
58750,0.10209
58750,0.11422
58750,0.058305
58750,-0.045485
58750,-0.15629
58750,-0.046033
58750,0.27649
58750,0.44822
58750,0.32186
58750,0.05928
58750,-0.096343
58750,-0.010969
58750,0.17478
58750,0.2893
58750,0.20405
58750,0.048548
58750,-0.013165
58750,0.083429
58750,0.17118
58750,0.092393
58750,-0.1297
58750,-0.37942
58750,-0.52565
58750,-0.50144
58750,-0.40789
58750,-0.33801
58750,-0.24416
58750,-0.060181
58750,0.10959
58750,0.21765
58750,0.37534
58750,0.47474
58750,0.51645
58750,0.3901
58750,0.29887
58750,0.27235
58750,0.28906
58750,0.20301
58750,0.051109
58750,-0.11177
58750,-0.2713
58750,-0.33691
58750,-0.25904
58750,-0.15604
58750,-0.10397
58750,-0.18763
58750,-0.31276
58750,-0.30307
58750,-0.19964
58750,-0.019385
58750,0.17673
58750,0.20942
58750,0.12057
58750,0.025497
58750,0.022387
58750,0.010069
58750,-0.048046
58750,-0.037069
58750,-0.11665
58750,-0.12567
58750,-0.16147
58750,-0.080244
58750,-0.023958
58750,0.04373
58750,0.014886
58750,-0.035118
58750,0.054646
58750,0.17752
58750,0.30247
58750,0.43303
58750,0.46663
58750,0.39931
58750,0.28643
58750,0.12666
58750,0.073489
58750,0.04745
58750,-0.083537
58750,-0.21702
58750,-0.20056
58750,-0.23398
58750,-0.24349
58750,-0.29746
58750,-0.30307
58750,-0.34252
58750,-0.38283
58750,-0.27874
58750,-0.1089
58750,0.021838
58750,-0.005786
58750,-0.12787
58750,-0.18525
58750,0.011593
58750,0.14593
58750,-0.020787
58750,-0.27489
58750,-0.41661
58750,-0.45064
58750,-0.43125
58750,-0.39484
58750,-0.24172
58750,0.041474
58750,0.31979
58750,0.45816
58750,0.3629
58750,0.18636
58750,0.19399
58750,0.47297
58750,0.74336
58750,0.68049
58750,0.45944
58750,0.22186
58750,0.10605
58750,0.17167
58750,0.38461
58750,0.46127
58750,0.27119
58750,-0.075853
58750,-0.34185
58750,-0.28057
58750,0.01635
58750,0.27119
58750,0.20795
58750,-0.014811
58750,-0.10037
58750,-0.010725
58750,0.089222
58750,0.18856
58750,0.10319
58750,-0.14879
58750,-0.32789
58750,-0.21904
58750,-0.06262
58750,-0.11421
58750,-0.25855
58750,-0.35069
58750,-0.19977
58750,0.10733
58750,0.36949
58750,0.34876
58750,0.18124
58750,0.12843
58750,0.23039
58750,0.40577
58750,0.527
58750,0.48017
58750,0.24161
58750,-0.012006
58750,-0.11817
58750,-0.25386
58750,-0.36021
58750,-0.38765
58750,-0.27849
58750,-0.073963
58750,0.077758
58750,-0.057193
58750,-0.24617
58750,-0.15013
58750,0.1466
58750,0.34296
58750,0.37284
58750,0.33424
58750,0.25576
58750,0.022509
58750,-0.11189
58750,-0.049753
58750,0.12715
58750,0.1188
58750,-0.2991
58750,-0.66365
58750,-0.67383
58750,-0.44162
58750,-0.089879
58750,0.24064
58750,0.032205
58750,-0.45217
58750,-0.52138
58750,-0.016641
58750,0.47645
58750,0.59201
58750,0.32247
58750,0.18825
58750,0.28515
58750,0.39053
58750,0.35821
58750,0.26515
58750,0.1138
58750,-0.16842
58750,-0.53711
58750,-0.66456
58750,-0.51077
58750,-0.35826
58750,-0.3285
58750,-0.39673
58750,-0.50345
58750,-0.52967
58750,-0.40911
58750,-0.26666
58750,0.038791
58750,0.2157
58750,0.12313
58750,0.00073891
58750,-0.021397
58750,0.076294
58750,0.13551
58750,0.15892
58750,0.071843
58750,-0.057193
58750,-0.077865
58750,0.019033
58750,0.23021
58750,0.42919
58750,0.44797
58750,0.30229
58750,0.40711
58750,0.68629
58750,0.88386
58750,0.77977
58750,0.49304
58750,0.26796
58750,0.24033
58750,0.39388
58750,0.4151
58750,0.19899
58750,-0.083902
58750,-0.22757
58750,-0.11689
58750,0.12349
58750,0.15941
58750,-0.12147
58750,-0.37856
58750,-0.26532
58750,-0.051156
58750,0.027144
58750,-0.077987
58750,-0.1636
58750,-0.0061519
58750,0.17953
58750,0.072574
58750,-0.36643
58750,-0.66773
58750,-0.58266
58750,-0.28569
58750,-0.23166
58750,-0.366
58750,-0.47534
58750,-0.34679
58750,-0.074146
58750,0.066049
58750,0.088124
58750,0.12691
58750,0.27302
58750,0.43761
58750,0.55774
58750,0.37199
58750,0.13276
58750,0.18746
58750,0.27143
58750,0.067818
58750,-0.21562
58750,-0.27678
58750,-0.1211
58750,0.042328
58750,0.11581
58750,0.05239
58750,0.057817
58750,0.23948
58750,0.25863
58750,0.014338
58750,-0.30057
58750,-0.38228
58750,-0.18013
58750,0.12166
58750,0.04745
58750,-0.39503
58750,-0.65072
58750,-0.5204
58750,-0.15787
58750,-0.086525
58750,-0.46296
58750,-1.0265
58750,-1.0437
58750,-0.44729
58750,0.12788
58750,0.34571
58750,0.30637
58750,0.17996
58750,0.097759
58750,0.24241
58750,0.38785
58750,0.35321
58750,0.25558
58750,0.18844
58750,0.050926
58750,-0.13025
58750,-0.30636
58750,-0.21629
58750,0.14478
58750,0.22899
58750,0.009886
58750,-0.21763
58750,-0.28343
58750,-0.10244
58750,0.15545
58750,0.43632
58750,0.58737
58750,0.50261
58750,0.26692
58750,0.30692
58750,0.4073
58750,0.62274
58750,0.84636
58750,0.66415
58750,0.10697
58750,-0.17586
58750,-0.13299
58750,-0.06201
58750,0.076416
58750,0.11215
58750,0.0053735
58750,-0.10793
58750,-0.1769
58750,-0.16751
58750,0.10983
58750,0.26247
58750,0.10294
58750,-0.051888
58750,-0.067804
58750,0.030071
58750,0.18582
58750,0.20161
58750,0.14825
58750,0.074648
58750,-0.15854
58750,-0.22599
58750,-0.22001
58750,-0.3435
58750,-0.53699
58750,-0.54498
58750,-0.37746
58750,-0.23324
58750,-0.32087
58750,-0.56205
58750,-0.50741
58750,-0.28837
58750,-0.16708
58750,-0.066767
58750,0.10611
58750,0.13807
58750,0.071233
58750,0.00025106
58750,-0.066767
58750,-0.085427
58750,-0.0011515
58750,0.029217
58750,0.0014097
58750,-0.0019442
58750,0.020192
58750,0.068793
58750,0.17612
58750,0.3251
58750,0.36912
58750,0.31497
58750,0.16807
58750,0.025924
58750,-0.0066398
58750,0.090564
58750,0.20002
58750,0.23625
58750,0.18393
58750,0.14789
58750,0.044035
58750,-0.066218
58750,-0.012555
58750,0.18149
58750,0.32808
58750,0.309
58750,0.11892
58750,-0.034508
58750,0.025802
58750,0.099955
58750,0.022631
58750,-0.17159
58750,-0.25032
58750,-0.16202
58750,-0.03463
58750,-0.17903
58750,-0.43204
58750,-0.46284
58750,-0.43924
58750,-0.41686
58750,-0.47467
58750,-0.54321
58750,-0.35411
58750,0.14343
58750,0.51688
58750,0.40992
58750,0.03068
58750,-0.12226
58750,0.094954
58750,0.37181
58750,0.36553
58750,0.14221
58750,-0.051705
58750,-0.045363
58750,0.23911
58750,0.52548
58750,0.43925
58750,0.14081
58750,-0.0087741
58750,0.0065931
58750,0.14063
58750,0.28906
58750,0.38382
58750,0.25082
58750,0.063488
58750,-0.054998
58750,0.095137
58750,0.30455
58750,0.43504
58750,0.41065
58750,0.21673
58750,-0.0035297
58750,-0.14732
58750,-0.13287
58750,-0.050912
58750,-0.072438
58750,-0.22032
58750,-0.26062
58750,-0.13476
58750,0.070318
58750,0.11935
58750,0.012691
58750,-0.23294
58750,-0.40112
58750,-0.36015
58750,-0.12836
58750,-0.208
58750,-0.3274
58750,-0.33905
58750,-0.2916
58750,-0.3135
58750,-0.07878
58750,0.23698
58750,0.18905
58750,0.027692
58750,-0.1139
58750,-0.032252
58750,0.27271
58750,0.47188
58750,0.17789
58750,-0.18946
58750,-0.23294
58750,0.10215
58750,0.57384
58750,0.71867
58750,0.30766
58750,-0.14147
58750,-0.12561
58750,0.14782
58750,0.3104
58750,0.16728
58750,-0.16562
58750,-0.36466
58750,-0.17452
58750,0.1896
58750,0.3265
58750,0.13801
58750,-0.075182
58750,-0.036154
58750,0.10947
58750,0.1077
58750,-0.14092
58750,-0.30093
58750,-0.26105
58750,-0.087195
58750,-0.030971
58750,-0.14818
58750,-0.2141
58750,-0.1333
58750,-0.052253
58750,-0.11458
58750,-0.15159
58750,-0.12915
58750,-0.065181
58750,-0.10878
58750,-0.22221
58750,-0.34655
58750,-0.31557
58750,-0.076036
58750,0.21655
58750,0.19216
58750,-0.099575
58750,-0.2269
58750,-0.098538
58750,0.091295
58750,0.16929
58750,0.11922
58750,0.032876
58750,0.095747
58750,0.26741
58750,0.37492
58750,0.37382
58750,0.34388
58750,0.22289
58750,0.09904
58750,0.050438
58750,0.15545
58750,0.23112
58750,0.12441
58750,0.034827
58750,0.060805
58750,0.27985
58750,0.37309
58750,0.22405
58750,-0.01347
58750,-0.11519
58750,-0.098111
58750,-0.07134
58750,0.052085
58750,0.19905
58750,0.25082
58750,0.13087
58750,0.059159
58750,0.042084
58750,0.081477
58750,0.084527
58750,-0.041948
58750,-0.20324
58750,-0.19166
58750,-0.22123
58750,-0.33508
58750,-0.33648
58750,-0.1322
58750,0.017631
58750,0.045194
58750,-0.09244
58750,-0.20922
58750,-0.15305
58750,-0.038533
58750,-0.0047494
58750,-0.042801
58750,-0.045302
58750,0.012142
58750,0.15331
58750,0.28924
58750,0.24271
58750,0.039584
58750,-0.065913
58750,-0.034752
58750,0.019643
58750,0.0047027
58750,-0.047131
58750,-0.10171
58750,0.035986
58750,0.29095
58750,0.3201
58750,0.1038
58750,-0.060181
58750,-0.025544
58750,0.1524
58750,0.23734
58750,0.1399
58750,-0.013714
58750,0.031717
58750,0.1746
58750,0.2546
58750,0.27399
58750,0.15868
58750,-0.054693
58750,-0.098355
58750,-0.038411
58750,-0.041338
58750,-0.054083
58750,-0.052436
58750,-0.040728
58750,-0.013775
58750,0.02629
58750,0.01013
58750,-0.080975
58750,-0.089025
58750,-0.083354
58750,-0.16135
58750,-0.34703
58750,-0.48577
58750,-0.40277
58750,-0.1797
58750,0.075562
58750,0.11203
58750,-0.044448
58750,-0.17446
58750,-0.15714
58750,-0.07689
58750,0.08971
58750,0.19435
58750,0.14947
58750,-0.05512
58750,-0.105
58750,0.11508
58750,0.3415
58750,0.31729
58750,0.13849
58750,-0.025483
58750,-0.026946
58750,0.14776
58750,0.16575
58750,-0.0303
58750,-0.10238
58750,-0.032801
58750,0.17277
58750,0.38669
58750,0.39242
58750,0.15996
58750,0.017204
58750,0.13032
58750,0.30802
58750,0.37047
58750,0.13667
58750,-0.21702
58750,-0.27422
58750,-0.022861
58750,0.20137
58750,0.16423
58750,-0.095428
58750,-0.28355
58750,-0.22818
58750,-0.043411
58750,-0.085183
58750,-0.35441
58750,-0.54162
58750,-0.41826
58750,-0.093172
58750,0.099406
58750,0.061537
58750,-0.13061
58750,-0.14903
58750,0.037388
58750,0.22728
58750,0.20039
58750,-0.027007
58750,-0.23221
58750,-0.19964
58750,0.069098
58750,0.30924
58750,0.27076
58750,0.078367
58750,-0.017067
58750,0.022814
58750,0.15959
58750,0.22631
58750,0.18819
58750,0.10886
58750,0.063488
58750,0.096418
58750,0.12599
58750,0.12874
58750,0.16094
58750,0.20423
58750,0.30753
58750,0.38595
58750,0.26942
58750,0.03995
58750,-0.094818
58750,-0.013104
58750,0.11794
58750,0.21881
58750,0.11886
58750,-0.14232
58750,-0.28313
58750,-0.26776
58750,-0.16818
58750,-0.14507
58750,-0.19068
58750,-0.33722
58750,-0.42344
58750,-0.31319
58750,-0.21355
58750,-0.20873
58750,-0.24794
58750,-0.24843
58750,-0.27483
58750,-0.29191
58750,-0.23385
58750,-0.13933
58750,-0.033837
58750,-0.00084659
58750,0.063732
58750,0.077514
58750,0.068062
58750,0.12977
58750,0.16734
58750,0.11313
58750,0.053914
58750,-0.036764
58750,-0.051766
58750,0.089344
58750,0.15429
58750,0.057146
58750,0.0055564
58750,0.015008
58750,0.1524
58750,0.29247
58750,0.21887
58750,-0.0080423
58750,-0.1022
58750,-0.02902
58750,0.13392
58750,0.21692
58750,0.17642
58750,0.13703
58750,0.18624
58750,0.22198
58750,0.26991
58750,0.32046
58750,0.27119
58750,0.03312
58750,-0.25172
58750,-0.31093
58750,-0.14933
58750,-0.061157
58750,-0.15324
58750,-0.2302
58750,-0.071584
58750,0.13313
58750,0.15246
58750,0.087454
58750,-0.05579
58750,-0.21593
58750,-0.33307
58750,-0.2444
58750,-0.10671
58750,-0.046338
58750,-0.16159
58750,-0.23678
58750,-0.12336
58750,0.08477
58750,0.076965
58750,-0.0054811
58750,-0.091586
58750,-0.16958
58750,-0.08311
58750,0.071416
58750,0.12837
58750,0.044401
58750,-0.064754
58750,-0.074024
58750,0.083612
58750,0.19783
58750,0.12593
58750,0.078185
58750,0.15783
58750,0.2632
58750,0.34217
58750,0.39559
58750,0.29162
58750,0.099406
58750,0.098979
58750,0.30381
58750,0.44919
58750,0.37833
58750,0.35473
58750,0.35589
58750,0.34144
58750,0.20368
58750,0.050987
58750,0.099894
58750,0.30284
58750,0.28936
58750,0.061659
58750,-0.087805
58750,-0.063169
58750,0.0017756
58750,0.038913
58750,-0.069999
58750,-0.28368
58750,-0.41393
58750,-0.41838
58750,-0.41222
58750,-0.38637
58750,-0.41186
58750,-0.43692
58750,-0.4071
58750,-0.43253
58750,-0.57736
58750,-0.58169
58750,-0.32209
58750,-0.18873
58750,-0.20751
58750,-0.18879
58750,-0.096952
58750,-0.099575
58750,-0.24117
58750,-0.25355
58750,-0.060425
58750,0.21765
58750,0.34406
58750,0.28729
58750,0.21332
58750,0.1538
58750,0.31247
58750,0.48602
58750,0.51761
58750,0.3587
58750,0.21124
58750,0.24936
58750,0.38327
58750,0.43907
58750,0.41163
58750,0.33961
58750,0.37101
58750,0.4631
58750,0.42224
58750,0.18149
58750,-0.033288
58750,-0.07756
58750,-0.036947
58750,-0.08622
58750,-0.14641
58750,-0.098538
58750,-0.059144
58750,-0.012616
58750,-0.12006
58750,-0.36612
58750,-0.50449
58750,-0.36935
58750,-0.23257
58750,-0.22044
58750,-0.34527
58750,-0.44259
58750,-0.31636
58750,-0.038228
58750,0.077331
58750,-0.14501
58750,-0.39064
58750,-0.45759
58750,-0.25965
58750,0.0032391
58750,0.16612
58750,0.14892
58750,0.029888
58750,0.070684
58750,0.2046
58750,0.38059
58750,0.51529
58750,0.55963
58750,0.56573
58750,0.58683
58750,0.56134
58750,0.40132
58750,0.29467
58750,0.28839
58750,0.30461
58750,0.26497
58750,0.19545
58750,0.11746
58750,0.06983
58750,0.0073248
58750,-0.060364
58750,-0.016946
58750,0.19777
58750,0.38559
58750,0.29473
58750,-0.077195
58750,-0.35289
58750,-0.35777
58750,-0.080427
58750,0.20606
58750,0.32071
58750,0.15703
58750,-0.087439
58750,-0.3066
58750,-0.32929
58750,-0.20434
58750,-0.1905
58750,-0.34807
58750,-0.43558
58750,-0.40137
58750,-0.42082
58750,-0.4951
58750,-0.4632
58750,-0.16818
58750,0.25302
58750,0.42584
58750,0.13349
58750,-0.30447
58750,-0.44497
58750,0.069098
58750,0.452
58750,0.15411
58750,-0.42009
58750,-0.62218
58750,-0.39064
58750,-0.017433
58750,0.14038
58750,0.05178
58750,0.042023
58750,0.27802
58750,0.45956
58750,0.41266
58750,0.091966
58750,-0.1161
58750,0.18021
58750,0.57158
58750,0.57158
58750,0.30729
58750,0.15453
58750,0.20411
58750,0.38028
58750,0.41632
58750,0.19594
58750,-0.014506
58750,-0.031215
58750,-0.073841
58750,-0.22068
58750,-0.28288
58750,-0.12897
58750,0.073672
58750,0.12319
58750,0.1016
58750,-0.056583
58750,-0.057498
58750,0.18386
58750,0.40071
58750,0.20935
58750,-0.061705
58750,-0.28142
58750,-0.12982
58750,0.0093982
58750,-0.16665
58750,-0.43832
58750,-0.6212
58750,-0.72438
58750,-0.71591
58750,-0.5262
58750,-0.1233
58750,0.068001
58750,0.072635
58750,0.0076907
58750,-0.046826
58750,-0.026276
58750,0.11746
58750,0.36437
58750,0.45602
58750,0.35796
58750,0.25515
58750,0.4301
58750,0.70049
58750,0.61463
58750,0.32699
58750,0.23606
58750,0.29168
58750,0.32528
58750,0.294
58750,0.16984
58750,0.010557
58750,0.0063491
58750,0.10075
58750,0.11002
58750,0.0866
58750,0.17124
58750,0.32656
58750,0.54969
58750,0.61713
58750,0.40626
58750,0.030741
58750,-0.085488
58750,0.098491
58750,0.36461
58750,0.30784
58750,-0.037496
58750,-0.39844
58750,-0.41393
58750,-0.29331
58750,-0.3088
58750,-0.38246
58750,-0.51583
58750,-0.59663
58750,-0.63188
58750,-0.60639
58750,-0.58144
58750,-0.46973
58750,-0.27928
58750,-0.15165
58750,-0.21215
58750,-0.29916
58750,-0.31118
58750,-0.19489
58750,0.033486
58750,0.1366
58750,0.018545
58750,-0.077682
58750,-0.026885
58750,0.040742
58750,0.086051
58750,0.11538
58750,0.085136
58750,0.18307
58750,0.30869
58750,0.36797
58750,0.32973
58750,0.30461
58750,0.32223
58750,0.35211
58750,0.36522
58750,0.33449
58750,0.30125
58750,0.35681
58750,0.37571
58750,0.29961
58750,0.17612
58750,0.096906
58750,0.062147
58750,0.1127
58750,0.12862
58750,-0.022495
58750,-0.19318
58750,-0.087317
58750,0.18533
58750,0.27979
58750,0.10672
58750,-0.19556
58750,-0.34094
58750,-0.23818
58750,-0.16989
58750,-0.28654
58750,-0.49272
58750,-0.41283
58750,-0.11659
58750,0.038547
58750,-0.05762
58750,-0.35075
58750,-0.45247
58750,-0.29002
58750,-0.09244
58750,-0.072804
58750,-0.19166
58750,-0.27459
58750,-0.10939
58750,0.20637
58750,0.22637
58750,0.018179
58750,-0.017007
58750,0.22893
58750,0.39108
58750,0.2385
58750,0.050743
58750,0.15417
58750,0.45163
58750,0.55414
58750,0.37669
58750,0.28345
58750,0.42248
58750,0.59359
58750,0.63232
58750,0.48096
58750,0.3068
58750,0.27845
58750,0.36351
58750,0.354
58750,0.18606
58750,0.015313
58750,-0.0032248
58750,0.15093
58750,0.20051
58750,0.070074
58750,-0.12256
58750,-0.20294
58750,-0.11427
58750,-0.0081033
58750,-0.10268
58750,-0.25148
58750,-0.27989
58750,-0.14958
58750,-0.088598
58750,-0.198
58750,-0.4604
58750,-0.55559
58750,-0.35862
58750,-0.16476
58750,-0.33588
58750,-0.64889
58750,-0.80878
58750,-0.65627
58750,-0.25331
58750,0.016472
58750,-0.098599
58750,-0.31197
58750,-0.40667
58750,-0.30295
58750,0.025619
58750,0.28436
58750,0.22661
58750,0.047389
58750,-0.089147
58750,-0.015238
58750,0.2049
58750,0.329
58750,0.15837
58750,0.0091543
58750,0.034888
58750,0.27967
58750,0.47718
58750,0.54078
58750,0.34748
58750,0.13368
58750,0.072513
58750,0.24265
58750,0.52975
58750,0.63329
58750,0.44437
58750,0.14289
58750,0.032571
58750,0.071843
58750,0.14758
58750,0.12874
58750,0.11861
58750,0.01885
58750,-0.055546
58750,-0.12378
58750,-0.17665
58750,-0.27587
58750,-0.22001
58750,-0.029934
58750,0.067269
58750,-0.037862
58750,-0.24886
58750,-0.33124
58750,-0.24434
58750,-0.04585
58750,0.030559
58750,-0.023653
58750,-0.13269
58750,-0.29453
58750,-0.37643
58750,-0.34295
58750,-0.14763
58750,-0.010177
58750,-0.071645
58750,-0.17269
58750,-0.19977
58750,-0.11098
58750,-0.058108
58750,0.014704
58750,0.12746
58750,0.23673
58750,0.25052
58750,0.18996
58750,0.14898
58750,0.17856
58750,0.23869
58750,0.34772
58750,0.38242
58750,0.32979
58750,0.31192
58750,0.38278
58750,0.43681
58750,0.4362
58750,0.41498
58750,0.2696
58750,0.14313
58750,0.32321
58750,0.63805
58750,0.66342
58750,0.36242
58750,-0.030788
58750,-0.22105
58750,-0.13549
58750,0.015801
58750,0.028485
58750,-0.17232
58750,-0.39606
58750,-0.39509
58750,-0.24587
58750,-0.17153
58750,-0.35551
58750,-0.5959
58750,-0.54199
58750,-0.36551
58750,-0.27904
58750,-0.35758
58750,-0.41966
58750,-0.3066
58750,-0.21288
58750,-0.20586
58750,-0.29057
58750,-0.27044
58750,-0.18537
58750,-0.15055
58750,-0.23843
58750,-0.27819
58750,-0.16415
58750,-0.061583
58750,0.05739
58750,0.20137
58750,0.14154
58750,0.06733
58750,0.19295
58750,0.34138
58750,0.46212
58750,0.54816
58750,0.35925
58750,0.020985
58750,0.058122
58750,0.35113
58750,0.54243
58750,0.53828
58750,0.28601
58750,0.04495
58750,0.077575
58750,0.28095
58750,0.38498
58750,0.36211
58750,0.084405
58750,-0.26544
58750,-0.12756
58750,0.4337
58750,0.66933
58750,0.33412
58750,-0.091281
58750,-0.27136
58750,-0.31002
58750,-0.29331
58750,-0.32197
58750,-0.35734
58750,-0.27154
58750,-0.29215
58750,-0.6159
58750,-0.69359
58750,-0.38826
58750,-0.042435
58750,0.07788
58750,-0.14257
58750,-0.42521
58750,-0.42881
58750,-0.10177
58750,0.17307
58750,0.12758
58750,-0.11305
58750,-0.30118
58750,-0.16275
58750,0.16728
58750,0.4562
58750,0.40132
58750,0.15124
58750,0.011715
58750,0.070623
58750,0.20649
58750,0.29052
58750,0.30351
58750,0.30058
58750,0.2468
58750,0.1388
58750,0.16283
58750,0.42547
58750,0.68604
58750,0.68574
58750,0.37827
58750,0.074526
58750,0.0032391
58750,0.21618
58750,0.42578
58750,0.34382
58750,0.11215
58750,-0.074328
58750,-0.14964
58750,-0.18403
58750,-0.11433
58750,0.0087274
58750,0.093918
58750,-0.024507
58750,-0.24831
58750,-0.46284
58750,-0.51979
58750,-0.3585
58750,-0.20605
58750,-0.26806
58750,-0.31965
58750,-0.41155
58750,-0.51638
58750,-0.47753
58750,-0.25825
58750,-0.12689
58750,-0.068657
58750,-0.16171
58750,-0.43472
58750,-0.48808
58750,-0.30508
58750,-0.14775
58750,-0.13226
58750,-0.19812
58750,-0.24032
58750,-0.15604
58750,0.01202
58750,0.15331
58750,0.19228
58750,0.096845
58750,-0.0032858
58750,0.0026293
58750,0.14996
58750,0.27107
58750,0.19917
58750,0.1038
58750,0.17917
58750,0.41474
58750,0.63823
58750,0.6847
58750,0.42053
58750,0.085563
58750,0.040315
58750,0.16051
58750,0.18484
58750,0.21021
58750,0.19795
58750,0.16758
58750,0.22698
58750,0.30479
58750,0.25283
58750,0.27284
58750,0.38693
58750,0.31107
58750,0.074221
58750,-0.039752
58750,-0.098355
58750,-0.17525
58750,-0.26703
58750,-0.36923
58750,-0.29916
58750,-0.11342
58750,-0.13842
58750,-0.28441
58750,-0.40576
58750,-0.5018
58750,-0.5648
58750,-0.47698
58750,-0.43125
58750,-0.67286
58750,-0.79518
58750,-0.55614
58750,-0.10336
58750,0.17838
58750,0.26259
58750,0.044828
58750,-0.21343
58750,-0.20288
58750,-0.12897
58750,-0.11604
58750,-0.074328
58750,0.1163
58750,0.28058
58750,0.41949
58750,0.53646
58750,0.57804
58750,0.61073
58750,0.71104
58750,0.77831
58750,0.52786
58750,0.15795
58750,0.060378
58750,0.33979
58750,0.69732
58750,0.65653
58750,0.20435
58750,-0.11848
58750,-0.10842
58750,0.23527
58750,0.60975
58750,0.59853
58750,0.10502
58750,-0.49144
58750,-0.6137
58750,-0.25953
58750,0.1152
58750,6.8121e-05
58750,-0.53711
58750,-0.7642
58750,-0.44015
58750,-0.047131
58750,0.0090323
58750,-0.28008
58750,-0.68078
58750,-0.94684
58750,-0.74908
58750,-0.24636
58750,0.032022
58750,-0.16452
58750,-0.40625
58750,-0.26313
58750,0.023729
58750,0.23808
58750,0.19008
58750,-0.016275
58750,-0.20593
58750,-0.25142
58750,-0.13427
58750,-0.13866
58750,-0.30368
58750,-0.54559
58750,-0.3699
58750,-0.005908
58750,0.44169
58750,0.60445
58750,0.58365
58750,0.48676
58750,0.35931
58750,0.20399
58750,0.11837
58750,0.14063
58750,0.22698
58750,0.35662
58750,0.3787
58750,0.29479
58750,0.26753
58750,0.45633
58750,0.71293
58750,0.72989
58750,0.24283
58750,-0.26819
58750,-0.19605
58750,0.30448
58750,0.60189
58750,0.42395
58750,-0.052985
58750,-0.092928
58750,0.48188
58750,0.78288
58750,0.24771
58750,-0.10025
58750,-0.16068
58750,-0.084085
58750,-0.13488
58750,-0.55461
58750,-0.97898
58750,-1.0458
58750,-0.82098
58750,-0.6334
58750,-0.52955
58750,-0.57376
58750,-0.30124
58750,0.14228
58750,0.0065931
58750,-0.54406
58750,-0.77622
58750,-0.41228
58750,0.052451
58750,0.28046
58750,0.17344
58750,-0.053412
58750,-0.10067
58750,0.14093
58750,0.45486
58750,0.52554
58750,0.33296
58750,0.092271
58750,0.042206
58750,0.32601
58750,0.75391
58750,0.64317
58750,0.13886
58750,0.078672
58750,0.5942
58750,0.95033
58750,1.0285
58750,0.74666
58750,0.50743
58750,0.56768
58750,0.56536
58750,0.26716
58750,-0.17922
58750,-0.5204
58750,-0.68005
58750,-0.49022
58750,-0.21788
58750,-0.076036
58750,-0.17025
58750,-0.19788
58750,-0.06884
58750,-0.18544
58750,-0.50967
58750,-0.76055
58750,-0.63267
58750,-0.43515
58750,-0.3749
58750,-0.41966
58750,-0.45003
58750,-0.40204
58750,-0.4976
58750,-0.68249
58750,-0.55577
58750,-0.18031
58750,0.10343
58750,0.10581
58750,-0.10518
58750,-0.33161
58750,-0.3721
58750,-0.17915
58750,0.16423
58750,0.5664
58750,0.81282
58750,0.75775
58750,0.62311
58750,0.54603
58750,0.43504
58750,0.5567
58750,0.45633
58750,0.16746
58750,-0.15921
58750,-0.29051
58750,-0.15013
58750,0.1624
58750,0.19996
58750,0.23588
58750,0.56865
58750,0.7541
58750,0.42431
58750,-0.12982
58750,-0.50857
58750,-0.44765
58750,-0.063535
58750,0.25582
58750,0.40102
58750,0.42267
58750,0.12862
58750,0.013728
58750,0.22009
58750,0.3679
58750,0.26759
58750,-0.087805
58750,-0.51113
58750,-0.6456
58750,-0.40881
58750,-0.11336
58750,-0.16373
58750,-0.32252
58750,-0.37563
58750,-0.21038
58750,-0.026337
58750,-0.047131
58750,-0.12964
58750,-0.092196
58750,-0.036703
58750,0.016167
58750,0.072696
58750,0.036047
58750,-0.059144
58750,-0.035667
58750,0.21454
58750,0.35083
58750,0.10477
58750,-0.29124
58750,-0.50766
58750,-0.37539
58750,-0.082805
58750,0.17618
58750,0.34857
58750,0.48139
58750,0.6042
58750,0.53097
58750,0.34333
58750,0.28186
58750,0.19356
58750,0.071904
58750,0.12593
58750,0.36004
58750,0.43614
58750,0.40303
58750,0.36553
58750,0.32997
58750,0.19374
58750,-0.016031
58750,-0.33813
58750,-0.57547
58750,-0.41838
58750,-0.019812
58750,0.22972
58750,0.050865
58750,-0.32459
58750,-0.47912
58750,-0.26142
58750,-0.021336
58750,-0.18989
58750,-0.59248
58750,-0.84086
58750,-0.67328
58750,-0.23593
58750,0.022387
58750,-0.19934
58750,-0.43357
58750,-0.30819
58750,0.0045197
58750,0.13514
58750,0.0018366
58750,-0.32752
58750,-0.56047
58750,-0.28483
58750,0.11709
58750,0.24113
58750,0.15953
58750,0.15343
58750,0.27052
58750,0.42602
58750,0.43882
58750,0.30845
58750,0.15996
58750,0.015191
58750,-0.095611
58750,0.010984
58750,0.3065
58750,0.56481
58750,0.6364
58750,0.44383
58750,0.27851
58750,0.33967
58750,0.37156
58750,0.21515
58750,0.01824
58750,-0.13872
58750,-0.1111
58750,0.047816
58750,0.17758
58750,0.15947
58750,0.077758
58750,0.016289
58750,0.020924
58750,0.082697
58750,-0.042923
58750,-0.19098
58750,-0.18922
58750,-0.18324
58750,-0.15281
58750,-0.13696
58750,-0.16245
58750,-0.26111
58750,-0.18062
58750,-0.059937
58750,-0.058717
58750,-0.21178
58750,-0.28544
58750,-0.41235
58750,-0.34691
58750,-0.28014
58750,-0.2033
58750,-0.16732
58750,0.092332
58750,0.22606
58750,0.22521
58750,0.019948
58750,-0.099392
58750,0.081904
58750,0.3651
58750,0.36059
58750,-0.0025541
58750,-0.21257
58750,-0.037801
58750,0.28784
58750,0.41035
58750,0.28521
58750,0.19716
58750,0.23954
58750,0.25594
58750,0.22814
58750,0.1935
58750,0.18197
58750,0.083185
58750,0.056353
58750,0.12721
58750,0.1985
58750,0.18838
58750,0.17569
58750,0.24253
58750,0.36144
58750,0.27131
58750,-0.0030419
58750,-0.19452
58750,-0.12574
58750,0.074587
58750,0.091295
58750,-0.11598
58750,-0.248
58750,-0.22422
58750,-0.20696
58750,-0.29648
58750,-0.39155
58750,-0.4085
58750,-0.24135
58750,-0.054754
58750,-0.13317
58750,-0.41503
58750,-0.57291
58750,-0.47528
58750,-0.28294
58750,-0.1658
58750,-0.31856
58750,-0.45918
58750,-0.37826
58750,-0.16775
58750,0.014094
58750,0.043791
58750,-0.020665
58750,0.0024464
58750,0.017082
58750,0.098918
58750,0.26058
58750,0.24088
58750,0.11581
58750,0.22106
58750,0.48194
58750,0.59475
58750,0.52341
58750,0.41144
58750,0.22789
58750,0.19112
58750,0.34424
58750,0.46078
58750,0.3082
58750,0.0019585
58750,-0.11842
58750,0.017753
58750,0.23936
58750,0.39681
58750,0.36394
58750,0.20771
58750,0.05861
58750,0.13648
58750,0.20124
58750,0.0054954
58750,-0.25087
58750,-0.27685
58750,-0.10756
58750,-0.14104
58750,-0.2419
58750,-0.25898
58750,-0.23013
58750,-0.16629
58750,-0.093293
58750,-0.17995
58750,-0.35838
58750,-0.42881
58750,-0.3588
58750,-0.26178
58750,-0.21635
58750,-0.18355
58750,-0.12445
58750,-0.095611
58750,-0.002859
58750,0.11038
58750,0.087698
58750,-0.086708
58750,-0.14415
58750,-0.089086
58750,-0.051705
58750,-0.13232
58750,-0.19507
58750,-0.17891
58750,-0.032252
58750,0.17892
58750,0.38205
58750,0.40998
58750,0.26594
58750,0.15563
58750,0.24954
58750,0.37742
58750,0.30936
58750,0.16557
58750,0.041047
58750,0.033181
58750,0.1727
58750,0.37358
58750,0.34443
58750,0.22917
58750,0.23759
58750,0.30534
58750,0.27088
58750,0.1116
58750,-0.066279
58750,-0.17434
58750,-0.072804
58750,0.083734
58750,0.25131
58750,0.2632
58750,0.20155
58750,0.19136
58750,0.10788
58750,0.018972
58750,-0.08378
58750,-0.15806
58750,-0.27343
58750,-0.41789
58750,-0.48772
58750,-0.52626
58750,-0.49686
58750,-0.46583
58750,-0.31636
58750,-0.19074
58750,-0.16629
58750,-0.22349
58750,-0.34258
58750,-0.46723
58750,-0.484
58750,-0.32106
58750,-0.16952
58750,-0.1644
58750,-0.1897
58750,-0.022983
58750,0.22295
58750,0.41742
58750,0.33876
58750,0.11581
58750,-0.056156
58750,0.0051295
58750,0.067086
58750,0.072208
58750,0.15313
58750,0.40175
58750,0.58158
58750,0.64817
58750,0.61079
58750,0.54359
58750,0.40913
58750,0.28082
58750,0.21271
58750,0.14045
58750,0.020253
58750,-0.046277
58750,0.071904
58750,0.24674
58750,0.27973
58750,0.19246
58750,0.065257
58750,-0.00078561
58750,0.077636
58750,0.12355
58750,-0.017616
58750,-0.1561
58750,-0.20178
58750,-0.23727
58750,-0.1708
58750,-0.0051762
58750,-0.014384
58750,-0.15421
58750,-0.20788
58750,-0.27788
58750,-0.41704
58750,-0.5501
58750,-0.56455
58750,-0.44979
58750,-0.17806
58750,0.13215
58750,0.10922
58750,-0.24928
58750,-0.42198
58750,-0.044631
58750,0.45255
58750,0.59103
58750,0.32991
58750,-0.01475
58750,-0.098172
58750,0.21326
58750,0.52316
58750,0.57158
58750,0.52438
58750,0.45133
58750,0.30064
58750,0.2343
58750,0.29467
58750,0.39455
58750,0.53743
58750,0.47761
58750,0.065927
58750,-0.32252
58750,-0.33612
58750,-0.11653
58750,0.10416
58750,0.118
58750,-0.15391
58750,-0.29691
58750,-0.1855
58750,-0.13031
58750,-0.20282
58750,-0.30032
58750,-0.33679
58750,-0.20379
58750,-0.067925
58750,-0.082866
58750,-0.12086
58750,-0.19653
58750,-0.050119
58750,0.18143
58750,0.22106
58750,0.025253
58750,-0.13677
58750,-0.20147
58750,-0.2469
58750,-0.21458
58750,-0.20184
58750,-0.18836
58750,-0.11604
58750,-0.019873
58750,-0.0029199
58750,-0.074755
58750,-0.15019
58750,-0.017067
58750,0.35723
58750,0.49493
58750,0.26192
58750,-0.13872
58750,-0.19763
58750,-0.077743
58750,0.048548
58750,0.12343
58750,0.14106
58750,0.052999
58750,-0.0078594
58750,-0.069145
58750,-0.13232
58750,-0.11025
58750,0.01385
58750,0.11691
58750,0.20862
58750,0.2371
58750,0.15472
58750,0.15209
58750,0.17862
58750,0.14496
58750,0.2271
58750,0.38211
58750,0.35851
58750,0.2818
58750,0.1921
58750,0.032693
58750,-0.025727
58750,0.082392
58750,0.16612
58750,0.033669
58750,-0.11958
58750,-0.13013
58750,0.12179
58750,0.4201
58750,0.54414
58750,0.45901
58750,0.31942
58750,0.11776
58750,0.0082395
58750,-0.18495
58750,-0.2991
58750,-0.30868
58750,-0.27142
58750,-0.52052
58750,-0.82811
58750,-0.88306
58750,-0.53858
58750,-0.085305
58750,-0.16421
58750,-0.44576
58750,-0.38356
58750,0.046109
58750,0.4723
58750,0.51901
58750,0.16978
58750,-0.11634
58750,0.16569
58750,0.59506
58750,0.6722
58750,0.53664
58750,0.21746
58750,0.044584
58750,0.099528
58750,0.097637
58750,-0.1594
58750,-0.31789
58750,-0.18172
58750,0.085807
58750,0.34479
58750,0.35955
58750,0.085868
58750,-0.052802
58750,0.13795
58750,0.41218
58750,0.45566
58750,0.3576
58750,0.25241
58750,0.31058
58750,0.4659
58750,0.32918
58750,-0.12025
58750,-0.48217
58750,-0.549
58750,-0.48259
58750,-0.65913
58750,-1.072
58750,-1.09
58750,-0.3824
58750,0.44761
58750,0.50407
58750,-0.21178
58750,-0.86287
58750,-0.81921
58750,-0.21763
58750,0.28338
58750,0.23844
58750,-0.16995
58750,-0.30978
58750,-0.0034688
58750,0.2679
58750,0.14215
58750,-0.12226
58750,-0.18684
58750,-0.00914
58750,0.19685
58750,0.17264
58750,0.16295
58750,0.31894
58750,0.53713
58750,0.51761
58750,0.31863
58750,0.1316
58750,0.25259
58750,0.53822
58750,0.56774
58750,0.30211
58750,0.053365
58750,0.035132
58750,0.081965
58750,0.048853
58750,-0.09122
58750,-0.19995
58750,-0.20019
58750,-0.0031029
58750,0.21661
58750,0.24966
58750,0.11496
58750,-0.034691
58750,-0.016214
58750,0.16758
58750,0.19496
58750,0.03873
58750,-0.035972
58750,0.13734
58750,0.23149
58750,0.15722
58750,0.073489
58750,0.017509
58750,-0.066889
58750,-0.21245
58750,-0.38375
58750,-0.41887
58750,-0.17922
58750,0.15398
58750,0.22277
58750,0.013179
58750,-0.23422
58750,-0.30935
58750,-0.17995
58750,0.039828
58750,0.18051
58750,0.118
58750,-0.07878
58750,-0.26898
58750,-0.18104
58750,0.10587
58750,0.24052
58750,0.092759
58750,-0.010482
58750,0.089527
58750,0.30028
58750,0.41205
58750,0.36784
58750,0.26546
58750,0.24606
58750,0.28027
58750,0.27381
58750,0.23283
58750,0.22051
58750,0.17075
58750,0.11904
58750,0.083429
58750,0.057146
58750,0.050377
58750,0.016106
58750,-0.057986
58750,-0.16391
58750,-0.15745
58750,-0.029873
58750,0.034705
58750,0.028729
58750,-0.049265
58750,-0.091952
58750,-0.014262
58750,0.091539
58750,0.13392
58750,0.026473
58750,-0.16135
58750,-0.24886
58750,-0.17934
58750,-0.13165
58750,-0.16543
58750,-0.23989
58750,-0.25178
58750,-0.24648
58750,-0.25264
58750,-0.2069
58750,-0.11878
58750,-0.11866
58750,-0.13122
58750,-0.14055
58750,-0.16726
58750,-0.13561
58750,0.10221
58750,0.28814
58750,0.33565
58750,0.2621
58750,0.10185
58750,0.022326
58750,0.10727
58750,0.19941
58750,0.19326
58750,0.18356
58750,0.11618
58750,0.045438
58750,0.12465
58750,0.21143
58750,0.12563
58750,0.064891
58750,0.088246
58750,0.11325
58750,0.13874
58750,0.14825
58750,0.085563
58750,0.050743
58750,0.025558
58750,-0.018348
58750,-0.1283
58750,-0.16397
58750,-0.03402
58750,0.092027
58750,0.028668
58750,-0.077012
58750,-0.032618
58750,0.045621
58750,0.10605
58750,0.10947
58750,0.088246
58750,0.027509
58750,-0.042618
58750,-0.059693
58750,0.044767
58750,0.10611
58750,-0.021153
58750,-0.14092
58750,-0.17489
58750,-0.13842
58750,-0.083232
58750,-0.095428
58750,-0.22855
58750,-0.35789
58750,-0.3649
58750,-0.25672
58750,-0.019141
58750,0.17453
58750,0.11154
58750,-0.075609
58750,-0.10756
58750,0.0294
58750,0.20076
58750,0.28936
58750,0.31522
58750,0.27473
58750,0.17978
58750,0.16831
58750,0.1788
58750,0.18027
58750,0.17734
58750,0.1813
58750,0.19929
58750,0.19771
58750,0.16148
58750,0.14606
58750,0.20722
58750,0.24198
58750,0.23911
58750,0.33784
58750,0.37309
58750,0.19454
58750,-0.0589
58750,-0.09244
58750,-0.057925
58750,-0.065547
58750,-0.20269
58750,-0.29209
58750,-0.26373
58750,-0.18726
58750,-0.3177
58750,-0.53431
58750,-0.51589
58750,-0.31825
58750,-0.1433
58750,-0.1683
58750,-0.29892
58750,-0.41582
58750,-0.38344
58750,-0.18117
58750,-0.060181
58750,-0.13177
58750,-0.29685
58750,-0.34527
58750,-0.25367
58750,-0.12616
58750,-0.029447
58750,0.041047
58750,0.066781
58750,0.03312
58750,-0.0095059
58750,0.10398
58750,0.40779
58750,0.63213
58750,0.53341
58750,0.33796
58750,0.20277
58750,0.18423
58750,0.34083
58750,0.44444
58750,0.32997
58750,0.18118
58750,0.14142
58750,0.096601
58750,0.11294
58750,0.073306
58750,-0.018836
58750,0.028607
58750,0.21344
58750,0.1727
58750,-0.13342
58750,-0.22056
58750,0.032083
58750,0.3065
58750,0.34418
58750,0.047816
58750,-0.31459
58750,-0.34118
58750,-0.030849
58750,0.23009
58750,0.21942
58750,-0.050119
58750,-0.36057
58750,-0.42338
58750,-0.16385
58750,0.10935
58750,0.16161
58750,0.021838
58750,-0.20007
58750,-0.23562
58750,-0.074267
58750,0.15167
58750,0.15197
58750,-0.057742
58750,-0.25739
58750,-0.19769
58750,0.0097031
58750,0.25753
58750,0.23289
58750,-0.09616
58750,-0.30636
58750,-0.21885
58750,0.072818
58750,0.35607
58750,0.36626
58750,0.15258
58750,0.019277
58750,0.14606
58750,0.26637
58750,0.2832
58750,0.18691
58750,0.017265
58750,0.0057393
58750,0.19033
58750,0.18673
58750,-0.083415
58750,-0.2516
58750,-0.26337
58750,-0.16647
58750,-0.11384
58750,-0.1508
58750,-0.22666
58750,-0.053961
58750,0.020985
58750,0.0039099
58750,0.0078127
58750,0.061537
58750,0.0094592
58750,-0.044936
58750,-0.13183
58750,-0.089086
58750,0.082514
58750,0.16533
58750,-0.029691
58750,-0.37344
58750,-0.4643
58750,-0.30136
58750,-0.15745
58750,-0.082012
58750,-0.09183
58750,-0.15574
58750,-0.094513
58750,0.18203
58750,0.23881
58750,-0.025422
58750,-0.23081
58750,-0.18269
58750,0.014764
58750,0.191
58750,0.28149
58750,0.16447
58750,0.063488
58750,-0.026276
58750,-0.076829
58750,0.02196
58750,0.093796
58750,0.18643
58750,0.26997
58750,0.29808
58750,0.065501
58750,-0.27489
58750,-0.28374
58750,0.20667
58750,0.78215
58750,0.78263
58750,0.14441
58750,-0.5029
58750,-0.4843
58750,0.090747
58750,0.4498
58750,0.34973
58750,0.12886
58750,-0.03463
58750,-0.076768
58750,0.24241
58750,0.39644
58750,0.15557
58750,-0.02652
58750,0.10599
58750,0.23277
58750,0.18813
58750,-0.037557
58750,-0.24184
58750,-0.15305
58750,-0.016519
58750,-0.10244
58750,-0.12543
58750,-0.22916
58750,-0.3999
58750,-0.3735
58750,-0.044997
58750,0.13953
58750,0.085014
58750,-0.084268
58750,-0.35539
58750,-0.36149
58750,-0.10921
58750,0.021106
58750,0.10819
58750,0.31656
58750,0.28009
58750,-0.098233
58750,-0.28057
58750,-0.12586
58750,0.03873
58750,0.19948
58750,0.24545
58750,0.017996
58750,-0.21007
58750,-0.17958
58750,-0.0034078
58750,0.31034
58750,0.48365
58750,0.25777
58750,-0.10415
58750,-0.37234
58750,-0.28014
58750,0.038242
58750,0.18911
58750,0.0081786
58750,-0.29246
58750,-0.47698
58750,-0.28185
58750,0.089893
58750,0.10959
58750,-0.21654
58750,-0.56065
58750,-0.514
58750,-0.042618
58750,0.27113
58750,0.093247
58750,-0.25398
58750,-0.43936
58750,-0.35399
58750,-0.020482
58750,0.35516
58750,0.4262
58750,0.020802
58750,-0.41783
58750,-0.49272
58750,-0.16732
58750,0.20387
58750,0.28314
58750,0.0085445
58750,-0.32709
58750,-0.22148
58750,0.22295
58750,0.54579
58750,0.59853
58750,0.48279
58750,0.30083
58750,0.1538
58750,0.036779
58750,0.076477
58750,0.19807
58750,0.37876
58750,0.28906
58750,-0.011091
58750,-0.18013
58750,0.094527
58750,0.44187
58750,0.329
58750,-0.058412
58750,-0.094513
58750,0.11215
58750,0.16856
58750,0.16508
58750,0.38687
58750,0.72812
58750,0.84874
58750,0.54609
58750,-0.12452
58750,-0.39838
58750,-0.35734
58750,-0.084634
58750,0.37248
58750,0.55103
58750,0.32406
58750,0.045438
58750,-0.29441
58750,-0.40869
58750,-0.25843
58750,0.0049466
58750,0.059037
58750,-0.17007
58750,-0.63712
58750,-1.063
58750,-0.77372
58750,-0.25886
58750,-0.061827
58750,-0.35417
58750,-0.65371
58750,-0.50613
58750,-0.024995
58750,0.14618
58750,-0.03152
58750,-0.049631
58750,0.28052
58750,0.81648
58750,0.87191
58750,0.51017
58750,0.26887
58750,0.3415
58750,0.25167
58750,0.21887
58750,0.26966
58750,-0.095123
58750,-0.65206
58750,-0.76091
58750,-0.47339
58750,-0.24501
58750,-0.26782
58750,-0.37155
58750,-0.45143
58750,-0.76372
58750,-1.4108
58750,-1.3822
58750,-0.39295
58750,0.79605
58750,1.1818
58750,0.8971
58750,0.43071
58750,-0.040057
58750,-0.051034
58750,0.37748
58750,0.82227
58750,0.74964
58750,0.52249
58750,0.20923
58750,0.061171
58750,0.092576
58750,0.18411
58750,0.11996
58750,0.050499
58750,-0.29923
58750,-1.1126
58750,-1.6173
58750,-1.1456
58750,-0.37374
58750,-0.071523
58750,-0.33691
58750,-0.69999
58750,-1.0091
58750,-0.93141
58750,-0.34203
58750,0.5356
58750,1.0093
58750,0.7158
58750,0.53743
58750,0.80233
58750,1.0505
58750,0.86398
58750,0.74281
58750,1.128
58750,1.6008
58750,1.8506
58750,1.7589
58750,1.2123
58750,0.53145
58750,0.2199
58750,0.092576
58750,0.20746
58750,-0.05951
58750,-0.67322
58750,-1.2704
58750,-1.3343
58750,-0.98099
58750,-0.72682
58750,-0.57583
58750,-0.35685
58750,-0.075365
58750,-0.17891
58750,-0.3438
58750,-0.21269
58750,0.21856
58750,0.6089
58750,0.5967
58750,0.30625
58750,0.02757
58750,-0.037557
58750,0.14337
58750,0.33443
58750,0.2693
58750,-0.1
58750,-0.53248
58750,-0.83433
58750,-0.97105
58750,-0.97776
58750,-0.94513
58750,-0.97075
58750,-1.1967
58750,-1.3355
58750,-1.1306
58750,-0.65798
58750,-0.18623
58750,0.058
58750,0.087637
58750,0.2457
58750,0.6808
58750,1.0319
58750,0.98979
58750,0.67336
58750,0.38559
58750,0.3318
58750,0.70714
58750,1.0813
58750,1.1864
58750,0.97844
58750,0.62787
58750,0.27021
58750,0.23478
58750,0.47736
58750,0.57426
58750,0.29259
58750,-0.11025
58750,-0.28179
58750,-0.21721
58750,0.23808
58750,0.50914
58750,0.39724
58750,0.090625
58750,0.016289
58750,0.23808
58750,0.51347
58750,0.44126
58750,0.023607
58750,-0.21154
58750,-0.15946
58750,0.15825
58750,0.35742
58750,0.23515
58750,-0.12439
58750,-0.34716
58750,-0.22391
58750,-0.17324
58750,-0.43021
58750,-0.7045
58750,-0.66871
58750,-0.53223
58750,-0.56528
58750,-0.76055
58750,-0.88434
58750,-0.86744
58750,-0.602
58750,-0.40533
58750,-0.26276
58750,-0.11464
58750,-0.065669
58750,-0.14507
58750,-0.22087
58750,-0.22166
58750,-0.19983
58750,0.054829
58750,0.33619
58750,0.39407
58750,0.076233
58750,-0.16696
58750,-0.2441
58750,-0.042009
58750,0.35126
58750,0.51328
58750,0.15484
58750,-0.24361
58750,-0.24886
58750,-0.011335
58750,0.19661
58750,0.21423
58750,0.019582
58750,-0.14616
58750,-0.1247
58750,-0.082134
58750,-0.12037
58750,-0.040606
58750,0.083307
58750,0.1885
58750,0.32558
58750,0.31881
58750,0.14325
58750,0.11807
58750,0.25899
58750,0.43931
58750,0.44279
58750,0.36077
58750,0.34144
58750,0.35296
58750,0.17514
58750,-0.041399
58750,-0.091342
58750,0.03129
58750,0.18374
58750,0.23253
58750,0.098735
58750,-0.06512
58750,-0.14061
58750,-0.11128
58750,-0.078109
58750,-0.043106
58750,-0.0050543
58750,0.083795
58750,0.052573
58750,0.0018975
58750,0.076904
58750,0.21777
58750,0.26302
58750,0.18496
58750,0.091905
58750,0.048609
58750,0.070013
58750,0.16276
58750,0.18746
58750,0.084831
58750,-0.089391
58750,-0.080731
58750,0.03062
58750,0.07044
58750,0.02757
58750,-0.0014564
58750,0.043913
58750,0.10843
58750,0.1063
58750,-0.045667
58750,-0.18605
58750,-0.2469
58750,-0.12067
58750,-0.009201
58750,-0.025605
58750,-0.1458
58750,-0.22495
58750,-0.15464
58750,-0.032862
58750,-0.045789
58750,-0.22928
58750,-0.38759
58750,-0.34935
58750,-0.2366
58750,-0.24245
58750,-0.26428
58750,-0.11427
58750,0.067147
58750,0.13234
58750,0.051109
58750,0.012569
58750,0.035193
58750,0.1002
58750,0.18856
58750,0.18947
58750,0.1413
58750,0.13923
58750,0.094893
58750,0.12112
58750,0.28217
58750,0.46431
58750,0.51042
58750,0.37388
58750,0.13002
58750,0.026534
58750,0.18185
58750,0.3998
58750,0.38595
58750,0.15514
58750,0.016045
58750,0.16441
58750,0.42267
58750,0.39535
58750,0.1013
58750,-0.17391
58750,-0.25642
58750,-0.14372
58750,-0.05451
58750,-0.2477
58750,-0.48009
58750,-0.48381
58750,-0.29355
58750,-0.0056031
58750,0.12679
58750,-0.10104
58750,-0.33051
58750,-0.29776
58750,-0.16781
58750,-0.062559
58750,-0.068535
58750,-0.22989
58750,-0.34453
58750,-0.22989
58750,-0.077377
58750,-0.074877
58750,-0.24721
58750,-0.42289
58750,-0.31228
58750,-0.084756
58750,0.054402
58750,-0.040545
58750,-0.21946
58750,-0.27892
58750,-0.070426
58750,0.21198
58750,0.30948
58750,0.20137
58750,0.095381
58750,0.16777
58750,0.32991
58750,0.38211
58750,0.23734
58750,-0.032679
58750,-0.18348
58750,-0.035484
58750,0.20222
58750,0.27527
58750,0.17258
58750,0.059341
58750,0.087332
58750,0.21783
58750,0.30083
58750,0.20618
58750,0.0085445
58750,-0.19092
58750,-0.24318
58750,-0.17757
58750,-0.040179
58750,0.041291
58750,0.084039
58750,0.11227
58750,0.18027
58750,0.15484
58750,0.081477
58750,0.047755
58750,0.086234
58750,0.054402
58750,-5.3841e-05
58750,-0.035789
58750,-0.18775
58750,-0.33905
58750,-0.26483
58750,-0.065425
58750,0.11441
58750,0.23594
58750,0.096235
58750,-0.18385
58750,-0.31965
58750,-0.2641
58750,-0.11805
58750,-0.0052982
58750,-0.013957
58750,-0.080914
58750,-0.04207
58750,-0.005969
58750,0.055988
58750,0.17996
58750,0.221
58750,0.17996
58750,0.17155
58750,0.10014
58750,0.024765
58750,-0.024873
58750,0.05678
58750,0.18886
58750,0.19728
58750,0.10996
58750,0.091417
58750,0.071721
58750,0.025985
58750,0.095869
58750,0.13917
58750,0.093491
58750,0.13227
58750,0.13575
58750,-0.00048071
58750,-0.078475
58750,-0.0095059
58750,0.12026
58750,0.22747
58750,0.15039
58750,0.02007
58750,0.0070199
58750,-0.023349
58750,-0.074511
58750,0.046657
58750,0.22186
58750,0.11544
58750,-0.073536
58750,-0.11592
58750,-0.053412
58750,-0.031093
58750,-0.09183
58750,-0.19903
58750,-0.091952
58750,0.11837
58750,0.067452
58750,-0.09994
58750,-0.11403
58750,-0.10842
58750,-0.23983
58750,-0.34039
58750,-0.30368
58750,-0.17757
58750,-0.14092
58750,-0.18842
58750,-0.17312
58750,0.013484
58750,0.16337
58750,0.23216
58750,0.25539
58750,0.12319
58750,0.014094
58750,0.19246
58750,0.43139
58750,0.44779
58750,0.2668
58750,0.18258
58750,0.32869
58750,0.50279
58750,0.40144
58750,0.14398
58750,-0.058047
58750,-0.14574
58750,-0.058412
58750,0.12471
58750,0.066537
58750,-0.16836
58750,-0.2277
58750,-0.069938
58750,0.099467
58750,0.1241
58750,0.036474
58750,-0.026398
58750,0.021716
58750,-0.0098108
58750,-0.18031
58750,-0.20928
58750,-0.067072
58750,-0.029995
58750,-0.076036
58750,-0.13257
58750,-0.16885
58750,-0.28233
58750,-0.34667
58750,-0.32697
58750,-0.356
58750,-0.35667
58750,-0.22404
58750,-0.02408
58750,0.083551
58750,0.067574
58750,0.050987
58750,0.14471
58750,0.24503
58750,0.26808
58750,0.24521
58750,0.20112
58750,0.12447
58750,0.12697
58750,0.23789
58750,0.34711
58750,0.25735
58750,0.085014
58750,0.014582
58750,0.23564
58750,0.44401
58750,0.35961
58750,0.017387
58750,-0.17964
58750,-0.12897
58750,0.012508
58750,0.070196
58750,0.013118
58750,-0.079451
58750,-0.099818
58750,-0.017738
58750,0.084527
58750,0.11983
58750,0.07477
58750,0.054829
58750,-0.0078594
58750,-0.089086
58750,-0.17263
58750,-0.21105
58750,-0.28855
58750,-0.022861
58750,0.34412
58750,0.39718
58750,0.15752
58750,0.010069
58750,0.24192
58750,0.49737
58750,0.31009
58750,-0.30386
58750,-0.70688
58750,-0.61218
58750,-0.25758
58750,-0.13952
58750,-0.38521
58750,-0.79719
58750,-0.67115
58750,-0.22891
58750,0.039523
58750,0.01635
58750,0.012142
58750,0.13081
58750,0.26869
58750,0.33162
58750,0.17844
58750,0.018606
58750,0.03001
58750,0.21295
58750,0.4034
58750,0.36705
58750,0.23533
58750,0.055927
58750,-0.16501
58750,-0.46442
58750,-0.54583
58750,-0.30746
58750,0.026839
58750,0.25887
58750,0.30247
58750,0.29894
58750,0.28326
58750,0.23771
58750,0.24838
58750,0.38547
58750,0.46736
58750,0.45779
58750,0.33906
58750,0.23027
58750,0.14087
58750,0.16447
58750,0.060927
58750,-0.074085
58750,-0.063047
58750,-0.027861
58750,-0.10549
58750,-0.20245
58750,-0.2555
58750,-0.1383
58750,0.087576
58750,0.053548
58750,-0.26197
58750,-0.29605
58750,0.027449
58750,0.12709
58750,-0.044997
58750,-0.31667
58750,-0.54967
58750,-0.52126
58750,-0.23062
58750,-0.24038
58750,-0.39783
58750,-0.26916
58750,0.11557
58750,0.41785
58750,0.54713
58750,0.36144
58750,0.13398
58750,0.1652
58750,0.43187
58750,0.59597
58750,0.53127
58750,0.49743
58750,0.53585
58750,0.6025
58750,0.43925
58750,0.073428
58750,-0.12384
58750,-0.021641
58750,0.14508
58750,0.14392
58750,-0.03213
58750,-0.25306
58750,-0.30038
58750,-0.12256
58750,-0.0092619
58750,-0.17098
58750,-0.39704
58750,-0.42082
58750,-0.23324
58750,-0.043716
58750,0.038181
58750,0.024034
58750,-0.051461
58750,-0.093659
58750,-0.18269
58750,-0.38466
58750,-0.60163
58750,-0.58846
58750,-0.37942
58750,-0.15421
58750,-0.23166
58750,-0.3935
58750,-0.38966
58750,-0.2158
58750,-0.065486
58750,-0.028715
58750,-0.011457
58750,0.060439
58750,0.19289
58750,0.30247
58750,0.31674
58750,0.18039
58750,0.037144
58750,-0.034386
58750,0.063244
58750,0.17533
58750,0.27003
58750,0.29631
58750,0.3265
58750,0.30247
58750,0.15795
58750,0.071233
58750,0.011776
58750,0.031717
58750,0.14374
58750,0.24613
58750,0.18575
58750,0.069037
58750,0.040193
58750,0.06983
58750,0.057756
58750,-0.03963
58750,-0.047619
58750,-0.0253
58750,0.02757
58750,0.025558
58750,-0.015726
58750,0.033669
58750,0.23137
58750,0.39571
58750,0.41626
58750,0.42669
58750,0.43876
58750,0.44322
58750,0.44474
58750,0.39687
58750,0.24454
58750,0.057329
58750,-0.031825
58750,-0.024141
58750,0.034583
58750,0.0073858
58750,-0.17745
58750,-0.41424
58750,-0.69963
58750,-0.78347
58750,-0.50577
58750,-0.203
58750,-0.19525
58750,-0.38807
58750,-0.53345
58750,-0.40612
58750,-0.11415
58750,0.1785
58750,0.20673
58750,0.054341
58750,-0.056705
58750,0.11221
58750,0.35815
58750,0.32534
58750,0.084222
58750,-0.059876
58750,0.056414
58750,0.28704
58750,0.40882
58750,0.33552
58750,0.33497
58750,0.39449
58750,0.48913
58750,0.52023
58750,0.41565
58750,0.21289
58750,0.2432
58750,0.55877
58750,0.72824
58750,0.53121
58750,0.060927
58750,-0.29587
58750,-0.29758
58750,-0.083902
58750,-0.1133
58750,-0.37868
58750,-0.55754
58750,-0.4929
58750,-0.19464
58750,0.10587
58750,0.10355
58750,-0.23581
58750,-0.47888
58750,-0.40478
58750,-0.077195
58750,0.23119
58750,0.1399
58750,-0.24879
58750,-0.44515
58750,-0.32026
58750,-0.09927
58750,0.025497
58750,0.16545
58750,0.23966
58750,0.20252
58750,0.063366
58750,0.074099
58750,0.3154
58750,0.62811
58750,0.75318
58750,0.57237
58750,0.22875
58750,0.040681
58750,0.16209
58750,0.344
58750,0.32412
58750,0.19295
58750,0.19996
58750,0.22448
58750,0.12349
58750,-0.096221
58750,-0.11823
58750,-0.0022491
58750,0.086661
58750,0.082331
58750,-0.096404
58750,-0.42631
58750,-0.6284
58750,-0.56376
58750,-0.30575
58750,-0.053229
58750,0.006776
58750,-0.25782
58750,-0.59541
58750,-0.71011
58750,-0.50979
58750,-0.12421
58750,0.2582
58750,0.36284
58750,0.094527
58750,-0.29941
58750,-0.41265
58750,-0.089269
58750,0.45718
58750,0.82282
58750,0.65238
58750,0.13581
58750,-0.23209
58750,-0.25508
58750,-0.042192
58750,0.2732
58750,0.41547
58750,0.25296
58750,-0.078292
58750,-0.30386
58750,-0.3571
58750,-0.2316
58750,-0.098843
58750,0.044157
58750,0.096662
58750,0.031351
58750,-0.21904
58750,-0.42235
58750,-0.30874
58750,0.073489
58750,0.43754
58750,0.57286
58750,0.41913
58750,0.043852
58750,-0.21038
58750,-0.14177
58750,0.060256
58750,0.19685
58750,0.181
58750,-0.04207
58750,-0.29843
58750,-0.33453
58750,-0.18806
58750,0.006715
58750,0.40413
58750,0.78428
58750,0.68598
58750,0.23448
58750,-0.023531
58750,0.12508
58750,0.46169
58750,0.64506
58750,0.43669
58750,-0.013165
58750,-0.26916
58750,-0.32539
58750,-0.28733
58750,-0.30173
58750,-0.40832
58750,-0.51418
58750,-0.30496
58750,-0.070792
58750,-0.22855
58750,-0.58529
58750,-0.63212
58750,-0.26624
58750,0.32699
58750,0.6061
58750,0.22692
58750,-0.43601
58750,-0.70487
58750,-0.46003
58750,-0.056156
58750,0.13313
58750,-0.037862
58750,-0.26306
58750,-0.27794
58750,-0.099392
58750,0.12197
58750,0.3343
58750,0.5878
58750,0.69366
58750,0.65287
58750,0.33985
58750,0.039279
58750,0.086173
58750,0.43675
58750,0.74849
58750,0.65031
58750,0.2032
58750,-0.3313
58750,-0.4393
58750,-0.098416
58750,0.27899
58750,0.26594
58750,-0.12695
58750,-0.48381
58750,-0.50144
58750,-0.20184
58750,0.06111
58750,0.0028732
58750,-0.18934
58750,-0.19842
58750,-0.089391
58750,-0.047741
58750,-0.19086
58750,-0.3982
58750,-0.5068
58750,-0.27386
58750,0.061049
58750,0.16136
58750,-0.095611
58750,-0.43399
58750,-0.40308
58750,0.055378
58750,0.56298
58750,0.6572
58750,0.32296
58750,-0.074816
58750,-0.12604
58750,0.085807
58750,0.26509
58750,0.20118
58750,-0.015116
58750,-0.22672
58750,-0.076219
58750,0.39931
58750,0.71476
58750,0.48883
58750,-0.028654
58750,-0.24892
58750,-0.16885
58750,-0.013714
58750,-0.092501
58750,-0.21916
58750,-0.25684
58750,-0.14525
58750,-0.021458
58750,-0.051888
58750,-0.29423
58750,-0.41515
58750,-0.24465
58750,0.017814
58750,0.13831
58750,0.055317
58750,-0.18355
58750,-0.20355
58750,0.066415
58750,0.33095
58750,0.37047
58750,0.2643
58750,0.19033
58750,0.19502
58750,0.22167
58750,0.35809
58750,0.38431
58750,0.2782
58750,-0.036154
58750,-0.36978
58750,-0.32856
58750,-0.064633
58750,0.24716
58750,0.39419
58750,0.46913
58750,0.36479
58750,0.21972
58750,0.26479
58750,0.39791
58750,0.29723
58750,0.14904
58750,0.058915
58750,0.079709
58750,0.1735
58750,0.10343
58750,-0.17159
58750,-0.29209
58750,-0.24471
58750,-0.39594
58750,-0.63669
58750,-0.71237
58750,-0.56657
58750,-0.4493
58750,-0.32856
58750,-0.22867
58750,-0.061522
58750,0.13136
58750,0.29223
58750,0.43236
58750,0.54621
58750,0.61799
58750,0.62762
58750,0.69927
58750,0.57237
58750,0.058244
58750,-0.54449
58750,-0.81384
58750,-0.64608
58750,-0.33953
58750,-0.30514
58750,-0.64907
58750,-0.94867
58750,-0.84671
58750,-0.5251
58750,-0.40338
58750,-0.29496
58750,-0.19751
58750,-0.061705
58750,0.028607
58750,0.1746
58750,0.31009
58750,0.44047
58750,0.39998
58750,0.31796
58750,0.26979
58750,0.061049
58750,-0.23495
58750,-0.35655
58750,-0.11756
58750,0.14758
58750,0.21594
58750,0.052207
58750,-0.14866
58750,-0.1275
58750,0.062634
58750,0.27503
58750,0.32784
58750,0.26186
58750,0.18344
58750,0.2468
58750,0.44852
58750,0.64628
58750,0.595
58750,0.27777
58750,0.040193
58750,0.15984
58750,0.46688
58750,0.54121
58750,0.33071
58750,-0.039447
58750,-0.25575
58750,-0.21233
58750,0.0017146
58750,0.18124
58750,0.10678
58750,-0.21257
58750,-0.45546
58750,-0.51949
58750,-0.49686
58750,-0.44131
58750,-0.47631
58750,-0.54589
58750,-0.50376
58750,-0.47497
58750,-0.50839
58750,-0.4607
58750,-0.33374
58750,-0.43094
58750,-0.53394
58750,-0.31045
58750,0.050011
58750,0.31473
58750,0.43578
58750,0.36675
58750,0.26399
58750,0.42071
58750,0.58628
58750,0.54591
58750,0.33827
58750,0.15557
58750,0.061476
58750,0.16087
58750,0.47114
58750,0.68281
58750,0.60006
58750,0.34632
58750,0.20746
58750,0.085075
58750,0.0059833
58750,0.077514
58750,0.25759
58750,0.44407
58750,0.48548
58750,0.2196
58750,-0.09555
58750,-0.049387
58750,0.36748
58750,0.7841
58750,0.79373
58750,0.37717
58750,-0.076097
58750,-0.26861
58750,-0.29734
58750,-0.27813
58750,-0.23831
58750,-0.16659
58750,-0.05268
58750,0.11782
58750,0.23253
58750,0.26058
58750,0.2518
58750,0.31345
58750,0.30083
58750,-0.018775
58750,-0.35704
58750,-0.56766
58750,-0.71804
58750,-0.74384
58750,-0.56638
58750,-0.49211
58750,-0.7292
58750,-1.0189
58750,-1.0749
58750,-1.0301
58750,-0.81921
58750,-0.35143
58750,-0.057803
58750,-0.051888
58750,-0.22562
58750,-0.21318
58750,-0.011762
58750,0.39882
58750,0.50383
58750,0.31564
58750,0.15051
58750,0.0063491
58750,-0.15415
58750,-0.11311
58750,-0.090366
58750,-0.073475
58750,0.029034
58750,0.041535
58750,-0.13311
58750,-0.20922
58750,-0.034386
58750,0.086295
58750,0.26576
58750,0.5378
58750,0.64598
58750,0.62726
58750,0.52487
58750,0.40602
58750,0.47346
58750,0.66384
58750,0.74038
58750,0.64128
58750,0.5739
58750,0.55798
58750,0.44114
58750,0.4459
58750,0.45657
58750,0.54225
58750,0.23155
58750,-0.25373
58750,-0.72371
58750,-0.59998
58750,-0.15202
58750,0.041901
58750,-0.38173
58750,-0.6523
58750,-0.41539
58750,0.017326
58750,0.11349
58750,-0.33508
58750,-0.70902
58750,-0.5315
58750,0.046596
58750,0.28558
58750,0.10203
58750,-0.25099
58750,-0.37716
58750,-0.16885
58750,0.15154
58750,0.19088
58750,-0.027312
58750,-0.11043
58750,0.011715
58750,0.17527
58750,0.24545
58750,0.13843
58750,0.0022634
58750,0.26411
58750,0.60012
58750,0.48054
58750,0.072818
58750,0.0051905
58750,0.096906
58750,0.16898
58750,0.29351
58750,-0.029264
58750,-0.39905
58750,-0.45241
58750,-0.13769
58750,0.073977
58750,0.10245
58750,-0.17995
58750,-0.39856
58750,-0.3549
58750,-0.076829
58750,0.080746
58750,-0.069511
58750,-0.26575
58750,-0.32002
58750,-0.16812
58750,0.069891
58750,0.19326
58750,0.075867
58750,-0.097806
58750,-0.11494
58750,-0.10049
58750,-0.11884
58750,-0.022129
58750,0.05178
58750,0.0078737
58750,-0.1114
58750,-0.23135
58750,-0.20714
58750,0.012752
58750,0.19978
58750,0.18393
58750,0.181
58750,0.25625
58750,0.27479
58750,0.28387
58750,0.20216
58750,0.036169
58750,0.050865
58750,0.24009
58750,0.47285
58750,0.26759
58750,-0.15312
58750,-0.36984
58750,-0.42039
58750,-0.36649
58750,-0.23885
58750,-0.20647
58750,-0.43442
58750,-0.65517
58750,-0.63273
58750,-0.37015
58750,-0.090671
58750,-0.050058
58750,-0.19208
58750,-0.10372
58750,0.22009
58750,0.58683
58750,0.78337
58750,0.6633
58750,0.38845
58750,0.34272
58750,0.49749
58750,0.49572
58750,0.38467
58750,0.26326
58750,0.16447
58750,0.17606
58750,0.25393
58750,0.16618
58750,0.020619
58750,-0.15647
58750,-0.25434
58750,-0.18172
58750,0.18307
58750,0.46053
58750,0.359
58750,0.099345
58750,0.015008
58750,0.10874
58750,0.2543
58750,0.25344
58750,0.038608
58750,-0.20983
58750,-0.32837
58750,-0.30045
58750,-0.26867
58750,-0.29075
58750,-0.34118
58750,-0.43296
58750,-0.47461
58750,-0.40301
58750,-0.25855
58750,-0.22306
58750,-0.24117
58750,-0.10982
58750,0.070745
58750,0.081782
58750,-0.016885
58750,-0.051217
58750,0.050865
58750,0.39748
58750,0.61256
58750,0.37797
58750,-0.025605
58750,-0.02219
58750,0.28674
58750,0.41309
58750,0.20771
58750,-0.096221
58750,-0.20574
58750,-0.033471
58750,0.086417
58750,0.029339
58750,-0.21385
58750,-0.46851
58750,-0.48144
58750,-0.24026
58750,-0.095672
58750,-0.21641
58750,-0.37191
58750,-0.3138
58750,-0.052497
58750,0.18704
58750,0.1163
58750,-0.11775
58750,-0.16415
58750,-0.0013344
58750,0.31064
58750,0.35693
58750,0.1499
58750,-0.10781
58750,-0.04518
58750,0.21496
58750,0.32845
58750,0.051353
58750,-0.27624
58750,-0.25782
58750,-0.097562
58750,-0.042679
58750,-0.16446
58750,-0.22148
58750,-0.19989
58750,-0.0017613
58750,0.15075
58750,0.2182
58750,0.18752
58750,0.10746
58750,0.02257
58750,0.072269
58750,0.16856
58750,0.22094
58750,0.27735
58750,0.33107
58750,0.27485
58750,0.29515
58750,0.45163
58750,0.53658
58750,0.33869
58750,0.032449
58750,-0.30734
58750,-0.19318
58750,0.17234
58750,0.246
58750,0.099711
58750,0.054585
58750,0.076355
58750,0.014033
58750,-0.026276
58750,-0.011823
58750,-0.018287
58750,-0.084268
58750,-0.025117
58750,0.19179
58750,0.3754
58750,0.40449
58750,0.3726
58750,0.26277
58750,0.16868
58750,0.18405
58750,0.17831
58750,0.021533
58750,-0.18104
58750,-0.23629
58750,-0.16074
58750,-0.067377
58750,-0.056888
58750,-0.28746
58750,-0.62169
58750,-0.62901
58750,-0.48028
58750,-0.4082
58750,-0.30831
58750,-0.22806
58750,-0.31459
58750,-0.47961
58750,-0.4268
58750,-0.069877
58750,0.43992
58750,0.56377
58750,0.19094
58750,-0.055485
58750,0.24045
58750,0.53707
58750,0.43413
58750,0.15234
58750,0.022509
58750,0.12404
58750,0.23131
58750,0.231
58750,0.22387
58750,0.23673
58750,0.12331
58750,-0.14171
58750,-0.24446
58750,-0.14683
58750,-0.037435
58750,0.026046
58750,0.0344
58750,0.033851
58750,0.093857
58750,0.20002
58750,0.23905
58750,0.16039
58750,0.08538
58750,0.0089103
58750,0.010923
58750,0.13898
58750,0.22551
58750,0.057695
58750,-0.23928
58750,-0.36941
58750,-0.3521
58750,-0.15421
58750,0.060744
58750,0.079709
58750,-0.16867
58750,-0.33051
58750,-0.19342
58750,0.017753
58750,0.1785
58750,0.084039
58750,-0.11153
58750,-0.10958
58750,0.034583
58750,0.074648
58750,0.088429
58750,0.057085
58750,-0.097501
58750,-0.13744
58750,-0.0074935
58750,0.094893
58750,0.051719
58750,-0.099087
58750,-0.17708
58750,-0.052802
58750,0.061659
58750,-0.056949
58750,-0.15952
58750,-0.22007
58750,-0.17458
58750,-0.011274
58750,0.16026
58750,0.2196
58750,0.054768
58750,-0.076585
58750,-0.010299
58750,0.17856
58750,0.14215
58750,-0.053107
58750,-0.096525
58750,0.07294
58750,0.33808
58750,0.52255
58750,0.44639
58750,0.35187
58750,0.43669
58750,0.51164
58750,0.41022
58750,0.2679
58750,0.015984
58750,-0.0056641
58750,0.095625
58750,0.27332
58750,0.14246
58750,-0.11641
58750,-0.42844
58750,-0.36508
58750,-0.21672
58750,-0.22129
58750,-0.39234
58750,-0.47119
58750,-0.38643
58750,-0.23263
58750,-0.10403
58750,-0.094879
58750,-0.099331
58750,-0.016458
58750,0.11032
58750,0.057207
58750,-0.11634
58750,-0.20483
58750,-0.045667
58750,0.20954
58750,0.26216
58750,0.003727
58750,-0.28307
58750,-0.25703
58750,-0.12531
58750,-0.017616
58750,-0.0064568
58750,-0.013531
58750,0.083124
58750,0.19088
58750,0.20185
58750,0.12587
58750,0.009947
58750,-0.0081643
58750,0.099101
58750,0.27784
58750,0.29101
58750,0.23582
58750,0.11685
58750,0.048243
58750,0.10337
58750,0.097393
58750,0.016594
58750,-0.014811
58750,-0.0045664
58750,-0.14379
58750,-0.24721
58750,-0.22989
58750,-0.06823
58750,0.06544
58750,0.006898
58750,-0.16885
58750,-0.25886
58750,-0.10799
58750,0.10489
58750,0.19813
58750,0.11855
58750,-0.099453
58750,-0.21568
58750,-0.13287
58750,0.10532
58750,0.18624
58750,0.080502
58750,0.048487
58750,0.21771
58750,0.2821
58750,0.25174
58750,0.15057
58750,-0.0085302
58750,-0.079817
58750,-0.084573
58750,-0.11177
58750,-0.1086
58750,-0.023349
58750,-0.085854
58750,-0.23544
58750,-0.23032
58750,-0.1411
58750,0.0013487
58750,0.088429
58750,0.066171
58750,-0.056766
58750,-0.11098
58750,0.036779
58750,0.20448
58750,0.34205
58750,0.24082
58750,0.044706
58750,0.0039099
58750,0.18008
58750,0.28875
58750,0.23838
58750,0.1002
58750,-0.036033
58750,-0.13482
58750,-0.11659
58750,0.069159
58750,0.18886
58750,0.2038
58750,0.3193
58750,0.42846
58750,0.27332
58750,-0.00029776
58750,-0.22751
58750,-0.11708
58750,0.15539
58750,0.2507
58750,0.078002
58750,-0.13842
58750,-0.28166
58750,-0.20952
58750,0.10306
58750,0.13758
58750,-0.18989
58750,-0.34838
58750,-0.29721
58750,-0.21385
58750,-0.25154
58750,-0.26465
58750,-0.16373
58750,-0.11982
58750,-0.17232
58750,-0.2277
58750,-0.17147
58750,-0.017616
58750,0.081173
58750,0.062573
58750,0.052146
58750,0.01513
58750,-0.0024931
58750,0.013179
58750,0.060073
58750,0.13331
58750,0.16892
58750,0.30997
58750,0.48267
58750,0.48426
58750,0.36418
58750,0.16874
58750,0.080441
58750,0.20246
58750,0.28192
58750,0.16136
58750,0.064403
58750,-0.1039
58750,-0.16007
58750,0.0075688
58750,0.095625
58750,-0.11317
58750,-0.40228
58750,-0.4071
58750,-0.20971
58750,-0.0012735
58750,-0.017921
58750,-0.15921
58750,-0.21599
58750,-0.17611
58750,-0.17745
58750,-0.15781
58750,-0.12165
58750,-0.085793
58750,-0.036642
58750,-0.002676
58750,-0.14848
58750,-0.34697
58750,-0.25715
58750,-0.010055
58750,0.039767
58750,-0.095794
58750,-0.17958
58750,-0.13513
58750,0.09093
58750,0.3873
58750,0.43425
58750,0.26723
58750,0.19387
58750,0.26869
58750,0.33863
58750,0.38486
58750,0.30601
58750,0.15301
58750,0.077026
58750,0.17935
58750,0.334
58750,0.36321
58750,0.17063
58750,0.04995
58750,0.25009
58750,0.43346
58750,0.39553
58750,0.29076
58750,0.14349
58750,0.034705
58750,0.09904
58750,0.22631
58750,0.29717
58750,0.14856
58750,-0.1536
58750,-0.28099
58750,-0.22965
58750,-0.1483
58750,-0.15726
58750,-0.21885
58750,-0.37374
58750,-0.44168
58750,-0.32484
58750,-0.13305
58750,-0.04085
58750,0.035986
58750,0.056292
58750,0.11148
58750,0.11185
58750,0.074282
58750,0.068672
58750,0.19344
58750,0.28253
58750,0.0916
58750,-0.20775
58750,-0.243
58750,0.0028732
58750,0.25875
58750,0.14746
58750,-0.14263
58750,-0.22879
58750,-0.0052982
58750,0.17874
58750,0.23125
58750,0.096906
58750,0.04556
58750,0.10142
58750,0.29009
58750,0.22271
58750,-0.039325
58750,-0.29996
58750,-0.31508
58750,-0.081402
58750,0.088673
58750,0.10374
58750,-0.032618
58750,-0.14372
58750,-0.13378
58750,-0.043167
58750,0.067757
58750,0.094954
58750,0.020009
58750,-0.048717
58750,-0.04457
58750,0.015923
58750,0.039157
58750,-0.0012735
58750,-0.026154
58750,-0.054266
58750,-0.11159
58750,-0.21818
58750,-0.25184
58750,-0.1669
58750,-0.06823
58750,-0.042618
58750,-0.08378
58750,-0.08189
58750,0.018728
58750,0.062939
58750,0.029644
58750,0.037754
58750,0.070623
58750,0.055378
58750,0.19929
58750,0.38382
58750,0.26765
58750,-0.077012
58750,-0.23587
58750,-0.10384
58750,0.11258
58750,0.10532
58750,-0.092684
58750,-0.23892
58750,-0.20897
58750,-0.017799
58750,0.15795
58750,0.18301
58750,0.11038
58750,0.068672
58750,0.067269
58750,0.15045
58750,0.28497
58750,0.36321
58750,0.39602
58750,0.28796
58750,0.12532
58750,0.062573
58750,0.10026
58750,0.13667
58750,0.17063
58750,0.13642
58750,-0.024019
58750,-0.12702
58750,-0.041643
58750,0.099162
58750,0.082331
58750,-0.012494
58750,-0.017433
58750,0.025375
58750,0.17447
58750,0.16429
58750,-0.12061
58750,-0.30337
58750,-0.19312
58750,-0.073109
58750,-0.11165
58750,-0.16159
58750,-0.18861
58750,-0.17354
58750,-0.05512
58750,0.039889
58750,0.065866
58750,0.118
58750,0.13288
58750,0.090381
58750,0.091173
58750,0.11849
58750,0.13599
58750,0.21301
58750,0.36303
58750,0.42462
58750,0.33211
58750,0.22289
58750,0.14898
58750,0.12374
58750,0.07044
58750,0.017753
58750,0.048853
58750,0.17197
58750,0.22899
58750,0.065622
58750,-0.15738
58750,-0.23453
58750,-0.10305
58750,0.07166
58750,0.2207
58750,0.21527
58750,0.10916
58750,-0.035972
58750,-0.18422
58750,-0.27947
58750,-0.25934
58750,-0.12452
58750,-0.076463
58750,-0.17275
58750,-0.27849
58750,-0.30721
58750,-0.20501
58750,0.01885
58750,0.18575
58750,0.057451
58750,-0.21873
58750,-0.26477
58750,-0.0016393
58750,0.44755
58750,0.65305
58750,0.40327
58750,-0.015848
58750,-0.20001
58750,-0.069145
58750,0.10142
58750,0.086417
58750,-0.14049
58750,-0.29788
58750,-0.23117
58750,-0.11037
58750,-0.048534
58750,-0.12824
58750,-0.24117
58750,-0.18909
58750,0.099101
58750,0.36803
58750,0.37949
58750,0.27131
58750,0.14825
58750,0.062208
58750,0.048548
58750,0.078672
58750,0.086783
58750,0.03001
58750,0.027814
58750,-0.013104
58750,-0.051034
58750,-0.039813
58750,-0.036215
58750,-0.0079204
58750,-0.046216
58750,-0.056888
58750,-0.085732
58750,0.059951
58750,0.37089
58750,0.50164
58750,0.3662
58750,0.060988
58750,-0.039874
58750,0.13276
58750,0.40651
58750,0.50054
58750,0.26021
58750,0.0081786
58750,-0.14348
58750,-0.22355
58750,-0.26947
58750,-0.30459
58750,-0.45961
58750,-0.51546
58750,-0.33435
58750,-0.029873
58750,0.10471
58750,0.023607
58750,-0.25166
58750,-0.40826
58750,-0.13269
58750,0.28967
58750,0.43267
58750,0.23375
58750,-0.073292
58750,-0.28441
58750,-0.18104
58750,0.11197
58750,0.15661
58750,-0.15464
58750,-0.38911
58750,-0.38057
58750,-0.12653
58750,0.18271
58750,0.28052
58750,0.20673
58750,0.13886
58750,0.083734
58750,0.0605
58750,0.25271
58750,0.43925
58750,0.35376
58750,0.092332
58750,-0.17983
58750,-0.28983
58750,-0.27691
58750,-0.16806
58750,-0.10116
58750,-0.21422
58750,-0.52071
58750,-0.54797
58750,-0.082988
58750,0.46688
58750,0.42681
58750,-0.094696
58750,-0.41978
58750,-0.21019
58750,0.10374
58750,0.2965
58750,0.25997
58750,-0.0012735
58750,-0.32465
58750,-0.44515
58750,-0.29557
58750,-0.048717
58750,0.10386
58750,0.029644
58750,-0.039082
58750,-0.047863
58750,0.037266
58750,0.20393
58750,0.51353
58750,0.64073
58750,0.28363
58750,-0.15842
58750,-0.17635
58750,0.16819
58750,0.44413
58750,0.37675
58750,0.058732
58750,-0.29648
58750,-0.4632
58750,-0.29831
58750,0.050438
58750,0.27412
58750,0.15484
58750,-0.09061
58750,-0.0078594
58750,0.28613
58750,0.46072
58750,0.36425
58750,0.13209
58750,-0.087378
58750,-0.099757
58750,0.070379
58750,0.037754
58750,-0.26556
58750,-0.43759
58750,-0.3596
58750,-0.1461
58750,-0.01347
58750,-0.17476
58750,-0.45326
58750,-0.19056
58750,0.38644
58750,0.69452
58750,0.54658
58750,0.17899
58750,-0.11098
58750,-0.044753
58750,0.21893
58750,0.33156
58750,0.17764
58750,-0.0095059
58750,-0.10342
58750,-0.044509
58750,0.13788
58750,0.15307
58750,-0.094696
58750,-0.3263
58750,-0.28477
58750,-0.054205
58750,0.19527
58750,0.36364
58750,0.19015
58750,-0.1644
58750,-0.27398
58750,-0.125
58750,0.15002
58750,0.33284
58750,0.14307
58750,-0.31465
58750,-0.55772
58750,-0.34832
58750,0.010923
58750,0.15093
58750,0.046657
58750,-0.12122
58750,-0.15653
58750,0.02757
58750,0.28424
58750,0.45029
58750,0.46773
58750,0.17856
58750,-0.033715
58750,-0.0073715
58750,0.087271
58750,0.11788
58750,0.21094
58750,0.24619
58750,0.17301
58750,-0.019263
58750,-0.14311
58750,-0.18977
58750,-0.16446
58750,-0.068352
58750,0.026778
58750,0.10191
58750,0.042755
58750,-0.16275
58750,-0.16238
58750,0.035742
58750,0.18179
58750,0.087698
58750,-0.059266
58750,-0.22788
58750,-0.24727
58750,-0.024751
58750,0.0095811
58750,-0.15903
58750,-0.32624
58750,-0.40058
58750,-0.4032
58750,-0.27239
58750,-0.15806
58750,0.0001291
58750,0.11343
58750,0.15685
58750,0.21301
58750,0.25235
58750,0.20423
58750,0.073672
58750,0.040803
58750,0.12459
58750,0.18149
58750,0.11038
58750,0.012874
58750,0.1238
58750,0.32156
58750,0.42096
58750,0.19076
58750,-0.22391
58750,-0.2763
58750,-0.0014564
58750,0.32089
58750,0.3354
58750,0.065561
58750,-0.30874
58750,-0.28404
58750,0.1277
58750,0.32863
58750,0.05306
58750,-0.25965
58750,-0.34514
58750,-0.23526
58750,-0.01347
58750,-0.082439
58750,-0.38936
58750,-0.40393
58750,-0.15385
58750,-0.036642
58750,-0.1636
58750,-0.26935
58750,-0.20306
58750,0.11124
58750,0.30272
58750,0.19441
58750,0.11758
58750,0.06233
58750,-0.0042615
58750,0.10496
58750,0.34394
58750,0.36388
58750,0.29503
58750,0.37504
58750,0.33717
58750,0.085624
58750,-0.17482
58750,-0.16678
58750,0.061537
58750,0.14898
58750,-0.13135
58750,-0.36228
58750,-0.089147
58750,0.34156
58750,0.26899
58750,-0.012128
58750,-0.0074325
58750,0.21143
58750,0.25826
58750,0.080746
58750,-0.1947
58750,-0.30648
58750,-0.30776
58750,-0.3338
58750,-0.36429
58750,-0.39027
58750,-0.223
58750,0.13776
58750,0.44968
58750,0.37351
58750,-0.17726
58750,-0.54766
58750,-0.15159
58750,0.4109
58750,0.29046
58750,-0.27264
58750,-0.58815
58750,-0.21855
58750,0.57768
58750,0.86081
58750,0.40974
58750,-0.12013
58750,-0.29935
58750,-0.24337
58750,-0.13122
58750,-0.032679
58750,-0.19367
58750,-0.33423
58750,-0.17391
58750,0.091295
58750,0.1191
58750,0.053792
58750,0.35199
58750,0.5356
58750,0.19051
58750,-0.20507
58750,-0.24611
58750,-0.17379
58750,-0.18294
58750,-0.086403
58750,-0.01414
58750,-0.012189
58750,-0.045667
58750,-0.0875
58750,0.07666
58750,0.23783
58750,0.18124
58750,-0.092074
58750,-0.1347
58750,0.15106
58750,0.32772
58750,-0.013226
58750,-0.3896
58750,-0.093476
58750,0.54036
58750,0.64903
58750,0.37504
58750,0.079831
58750,-0.072133
58750,-0.10043
58750,-0.085488
58750,-0.18342
58750,-0.39253
58750,-0.42814
58750,-0.28563
58750,0.11983
58750,0.2668
58750,0.12099
58750,-0.028532
58750,0.042206
58750,0.11904
58750,0.04184
58750,-0.25001
58750,-0.34014
58750,-0.058473
58750,0.14032
58750,-0.029934
58750,-0.18129
58750,-0.13836
58750,-0.026215
58750,0.079343
58750,0.14252
58750,0.22576
58750,0.18374
58750,0.1177
58750,0.10739
58750,0.10575
58750,0.094405
58750,0.064647
58750,0.11654
58750,0.22722
58750,0.27046
58750,0.38108
58750,0.36553
58750,0.33894
58750,0.048365
58750,-0.14537
58750,-0.27739
58750,-0.34088
58750,-0.32996
58750,-0.28331
58750,-0.2641
58750,-0.19159
58750,0.049402
58750,0.21551
58750,0.27515
58750,0.30985
58750,0.27473
58750,0.026229
58750,-0.20038
58750,-0.24135
58750,-0.23416
58750,-0.1769
58750,-0.2069
58750,-0.26947
58750,-0.30575
58750,-0.22148
58750,-0.12445
58750,0.044706
58750,0.16844
58750,0.070074
58750,-0.14135
58750,-0.25483
58750,-0.24544
58750,-0.17391
58750,-0.094635
58750,-0.0032248
58750,0.053304
58750,0.40254
58750,0.98296
58750,1.1913
58750,0.6944
58750,-0.0053592
58750,-0.18422
58750,-0.028654
58750,0.21234
58750,0.10642
58750,-0.23629
58750,-0.43777
58750,-0.35758
58750,-0.057437
58750,0.26283
58750,0.31814
58750,0.065805
58750,-0.020848
58750,-0.089757
58750,-0.32813
58750,-0.49808
58750,-0.40112
58750,-0.11683
58750,0.1699
58750,0.25192
58750,-0.042557
58750,-0.24977
58750,-0.042984
58750,0.27668
58750,0.24283
58750,-0.090732
58750,-0.28587
58750,-0.2216
58750,0.0037879
58750,0.088185
58750,-0.07067
58750,-0.2544
58750,-0.0589
58750,0.27357
58750,0.37138
58750,0.1552
58750,-0.20574
58750,-0.22879
58750,0.010191
58750,0.063732
58750,0.11002
58750,0.40748
58750,0.71019
58750,0.65799
58750,0.27704
58750,-0.22294
58750,-0.29648
58750,0.022143
58750,0.22606
58750,0.068672
58750,-0.13653
58750,-0.069816
58750,0.13971
58750,0.24302
58750,0.049097
58750,-0.2891
58750,-0.37948
58750,-0.054571
58750,0.35229
58750,0.40779
58750,-0.057742
58750,-0.49625
58750,-0.35655
58750,0.10959
58750,0.2013
58750,-0.0010905
58750,-0.17513
58750,-0.18202
58750,-0.031703
58750,0.20423
58750,0.30711
58750,0.18496
58750,0.018057
58750,-0.23459
58750,-0.35765
58750,-0.31728
58750,-0.15342
58750,0.058732
58750,0.12197
58750,-0.093903
58750,-0.31478
58750,-0.25288
58750,-0.069633
58750,0.088429
58750,0.097393
58750,-0.012799
58750,-0.10397
58750,0.012386
58750,0.15301
58750,0.19033
58750,0.12221
58750,0.060561
58750,0.026961
58750,0.038547
58750,0.13209
58750,0.17002
58750,0.14606
58750,0.062208
58750,-0.045789
58750,-0.20196
58750,-0.27758
58750,-0.26264
58750,-0.15781
58750,-0.033837
58750,0.037876
58750,0.079038
58750,0.069891
58750,0.064159
58750,0.10166
58750,0.14075
58750,0.11203
58750,0.12124
58750,0.20234
58750,0.22588
58750,0.096418
58750,-0.040545
58750,-0.058595
58750,0.0093982
58750,0.06361
58750,0.080441
58750,0.047694
58750,-0.02591
58750,-0.027556
58750,0.079953
58750,0.18783
58750,0.15801
58750,-0.0064568
58750,-0.077195
58750,-0.10397
58750,-0.13903
58750,-0.13061
58750,-0.043655
58750,0.17539
58750,0.37089
58750,0.35443
58750,0.14715
58750,-0.036398
58750,-0.081402
58750,-0.11555
58750,-0.062315
58750,-0.17507
58750,-0.36271
58750,-0.29118
58750,0.040559
58750,0.2049
58750,0.055622
58750,-0.16208
58750,-0.21647
58750,-0.0081033
58750,0.23484
58750,0.21161
58750,0.0025074
58750,-0.18818
58750,-0.11543
58750,0.11733
58750,0.30058
58750,0.28942
58750,0.16539
58750,0.043974
58750,0.011411
58750,0.11971
58750,0.1752
58750,0.041291
58750,-0.069267
58750,-0.073475
58750,0.015679
58750,0.082026
58750,0.061293
58750,0.091173
58750,0.24058
58750,0.2471
58750,0.037449
58750,-0.13915
58750,-0.1419
58750,-0.031764
58750,0.16764
58750,0.22917
58750,0.16368
58750,0.039645
58750,-0.087317
58750,-0.17153
58750,-0.22093
58750,-0.18403
58750,-0.12208
58750,-0.075853
58750,-0.10293
58750,-0.11354
58750,-0.1444
58750,-0.099026
58750,0.0037879
58750,0.066415
58750,-0.0018833
58750,-0.031703
58750,0.04995
58750,0.10471
58750,0.042877
58750,-0.064693
58750,0.012569
58750,0.16405
58750,0.26338
58750,0.10337
58750,-0.06262
58750,-0.06384
58750,0.13295
58750,0.29674
58750,0.21185
58750,-0.081341
58750,-0.27935
58750,-0.10153
58750,0.26735
58750,0.27729
58750,-0.12208
58750,-0.44674
58750,-0.28386
58750,0.19685
58750,0.40492
58750,0.16722
58750,-0.13446
58750,-0.1469
58750,0.036779
58750,0.21362
58750,0.25539
58750,0.052999
58750,-0.20257
58750,-0.18897
58750,-0.010421
58750,0.087088
58750,0.0092762
58750,-0.17592
58750,-0.16812
58750,0.046962
58750,0.077331
58750,-0.13324
58750,-0.15891
58750,0.12916
58750,0.33412
58750,0.30034
58750,0.075989
58750,-0.18641
58750,-0.14122
58750,0.11996
58750,0.32003
58750,0.26265
58750,0.050011
58750,-0.1275
58750,-0.13647
58750,-0.019324
58750,0.013911
58750,-0.0012735
58750,0.017631
58750,0.025619
58750,0.049646
58750,0.11654
58750,0.089039
58750,0.057329
58750,0.073123
58750,0.055134
58750,0.052085
58750,0.028119
58750,-0.081402
58750,-0.21117
58750,-0.23678
58750,-0.16793
58750,-0.11006
58750,-0.067804
58750,-0.030178
58750,-0.028288
58750,-0.0045664
58750,0.12532
58750,0.16411
58750,0.10624
58750,-0.036703
58750,-0.12921
58750,-0.044631
58750,0.13441
58750,0.14807
58750,0.028607
58750,-0.026763
58750,0.060378
58750,0.23417
58750,0.2157
58750,-0.020238
58750,-0.28349
58750,-0.35856
58750,-0.18629
58750,0.080929
58750,0.12288
58750,-0.10067
58750,-0.27136
58750,-0.24276
58750,-0.14226
58750,0.049585
58750,0.13057
58750,0.02757
58750,-0.0086521
58750,0.067513
58750,0.021899
58750,-0.19653
58750,-0.29233
58750,-0.11866
58750,0.11898
58750,0.23832
58750,0.082453
58750,-0.13787
58750,-0.17037
58750,0.03562
58750,0.2393
58750,0.23881
58750,0.0051295
58750,-0.25209
58750,-0.26593
58750,-0.0589
58750,0.15362
58750,0.29717
58750,0.36315
58750,0.3251
58750,0.13221
58750,0.058366
58750,0.08788
58750,0.098491
58750,0.11178
58750,0.10355
58750,0.049889
58750,0.019765
58750,0.065013
58750,0.073123
58750,0.029766
58750,0.037876
58750,0.12618
58750,0.14465
58750,-0.0047494
58750,-0.25508
58750,-0.27496
58750,-0.1694
58750,-0.07878
58750,-0.051034
58750,-0.05518
58750,-0.11122
58750,-0.21489
58750,-0.32258
58750,-0.22026
58750,-0.050119
58750,-0.040118
58750,-0.099026
58750,-0.07878
58750,0.079953
58750,0.12118
58750,0.00073891
58750,-0.090366
58750,0.01013
58750,0.26222
58750,0.3748
58750,0.32717
58750,0.24131
58750,0.13801
58750,0.041047
58750,0.10185
58750,0.26741
58750,0.29168
58750,0.11831
58750,-0.035728
58750,-0.14372
58750,-0.13043
58750,0.11087
58750,0.39809
58750,0.42096
58750,0.17155
58750,-0.089452
58750,-0.10647
58750,0.047511
58750,0.087637
58750,-0.037008
58750,-0.13202
58750,-0.15806
58750,-0.06695
58750,0.036291
58750,0.00067793
58750,-0.12769
58750,-0.14074
58750,-0.030239
58750,0.014521
58750,-0.1061
58750,-0.28246
58750,-0.20458
58750,-0.037496
58750,-0.0013344
58750,-0.0052982
58750,0.0031781
58750,0.15862
58750,0.29833
58750,0.1288
58750,-0.19672
58750,-0.19794
58750,-0.0057251
58750,0.12673
58750,0.070196
58750,-0.11378
58750,-0.23038
58750,-0.097074
58750,0.27155
58750,0.50133
58750,0.36168
58750,-0.020238
58750,-0.28404
58750,-0.27965
58750,-0.10836
58750,0.019704
58750,0.062817
58750,0.096662
58750,0.06361
58750,0.029339
58750,0.010679
58750,0.0001291
58750,0.029766
58750,0.10099
58750,0.012691
58750,-0.14433
58750,-0.17184
58750,-0.18287
58750,-0.1014
58750,0.098369
58750,0.15459
58750,0.17868
58750,0.23997
58750,0.24741
58750,0.19655
58750,0.16258
58750,0.0073858
58750,-0.047436
58750,-0.025727
58750,0.035376
58750,0.06239
58750,0.006776
58750,-0.035301
58750,0.086112
58750,0.30394
58750,0.44035
58750,0.41529
58750,0.12496
58750,-0.056705
58750,-0.082378
58750,-0.054876
58750,-0.077499
58750,-0.11006
58750,-0.23489
58750,-0.23392
58750,-0.086342
58750,0.010435
58750,-0.039082
58750,-0.089208
58750,-0.24495
58750,-0.2838
58750,-0.18678
58750,-0.037069
58750,0.093918
58750,0.091051
58750,-0.080548
58750,-0.13196
58750,0.11343
58750,0.4284
58750,0.50737
58750,0.34546
58750,-0.011518
58750,-0.19275
58750,-0.023836
58750,0.21033
58750,0.16972
58750,-0.023531
58750,-0.18836
58750,-0.1983
58750,-0.031215
58750,0.23167
58750,0.28485
58750,0.25082
58750,0.31229
58750,0.29723
58750,0.22679
58750,0.30168
58750,0.35278
58750,0.26442
58750,0.18082
58750,0.07727
58750,-0.093842
58750,-0.24172
58750,-0.41832
58750,-0.60846
58750,-0.67584
58750,-0.52162
58750,-0.35527
58750,-0.092318
58750,0.1266
58750,0.19216
58750,0.12746
58750,-0.026398
58750,-0.038899
58750,-0.029325
58750,-0.041826
58750,-0.021458
58750,0.10502
58750,0.21204
58750,0.24039
58750,0.14295
58750,-0.00048071
58750,-0.071828
58750,-0.059144
58750,-0.11628
58750,-0.34624
58750,-0.48168
58750,-0.24965
58750,0.24936
58750,0.53048
58750,0.40681
58750,0.069586
58750,0.037144
58750,0.26924
58750,0.55359
58750,0.49523
58750,0.2246
58750,0.030132
58750,0.035742
58750,0.0051905
58750,-0.15336
58750,-0.29618
58750,-0.21568
58750,0.014825
58750,-0.012677
58750,-0.1644
58750,-0.27203
58750,-0.15763
58750,0.10672
58750,0.25015
58750,0.091173
58750,-0.083719
58750,0.028363
58750,0.23045
58750,0.24753
58750,0.17795
58750,0.058366
58750,0.15087
58750,0.27277
58750,0.18777
58750,-0.13604
58750,-0.42674
58750,-0.4557
58750,-0.14598
58750,0.17338
58750,0.10349
58750,-0.11884
58750,-0.22873
58750,-0.20879
58750,-0.054937
58750,0.16283
58750,0.18655
58750,-0.009079
58750,-0.17434
58750,-0.15263
58750,0.021594
58750,0.21685
58750,0.22021
58750,0.069952
58750,-0.0048103
58750,0.011411
58750,0.070745
58750,0.17392
58750,0.27765
58750,0.19466
58750,0.037022
58750,0.068245
58750,0.19655
58750,0.39504
58750,0.49706
58750,0.33132
58750,0.032205
58750,-0.035484
58750,0.15167
58750,0.30967
58750,0.31119
58750,0.11307
58750,-0.13513
58750,-0.24038
58750,-0.26752
58750,-0.21336
58750,-0.105
58750,0.073123
58750,0.10983
58750,-0.031093
58750,-0.30624
58750,-0.37259
58750,-0.15921
58750,0.06733
58750,0.10776
58750,-0.097501
58750,-0.33764
58750,-0.42283
58750,-0.31813
58750,-0.10579
58750,-0.073902
58750,-0.15458
58750,-0.18031
58750,-0.10628
58750,-0.14238
58750,-0.25544
58750,-0.16312
58750,0.087637
58750,0.27265
58750,0.34985
58750,0.33497
58750,0.21753
58750,0.045743
58750,0.0043978
58750,0.12868
58750,0.28869
58750,0.24637
58750,0.031229
58750,-0.11183
58750,-0.08439
58750,-0.033776
58750,0.020436
58750,0.11337
58750,0.20948
58750,0.17392
58750,0.038181
58750,0.024704
58750,0.15996
58750,0.22436
58750,0.1241
58750,-0.01969
58750,-0.061522
58750,0.081721
58750,0.1055
58750,0.073855
58750,0.01574
58750,-0.062071
58750,-0.12397
58750,-0.085366
58750,-0.030971
58750,-0.10714
58750,-0.13683
58750,-0.04646
58750,0.077941
58750,0.156
58750,0.19191
58750,0.2357
58750,0.24003
58750,0.12679
58750,-0.029995
58750,-0.22843
58750,-0.34435
58750,-0.26837
58750,-0.041948
58750,0.16472
58750,0.18606
58750,-0.047253
58750,-0.20495
58750,-0.071523
58750,0.12185
58750,0.095564
58750,-0.04396
58750,-0.044936
58750,0.04306
58750,0.14563
58750,0.21112
58750,0.10367
58750,0.021411
58750,0.059402
58750,0.12898
58750,0.14679
58750,0.012386
58750,-0.20897
58750,-0.20446
58750,0.052999
58750,0.1874
58750,0.13057
58750,0.13575
58750,0.21814
58750,0.26125
58750,0.29345
58750,0.2443
58750,0.15612
58750,0.20588
58750,0.29235
58750,0.16386
58750,0.022875
58750,0.074404
58750,0.16063
58750,0.21533
58750,0.1427
58750,-0.056644
58750,-0.24898
58750,-0.17159
58750,-0.018714
58750,-0.062803
58750,-0.28618
58750,-0.39149
58750,-0.28837
58750,-0.061462
58750,0.051109
58750,-0.12128
58750,-0.37033
58750,-0.46296
58750,-0.30081
58750,-0.0098108
58750,0.18978
58750,0.029461
58750,-0.31801
58750,-0.47211
58750,-0.19519
58750,0.16533
58750,0.29918
58750,0.090198
58750,-0.19824
58750,-0.22184
58750,0.055683
58750,0.35077
58750,0.46834
58750,0.42919
58750,0.14996
58750,-0.097806
58750,-0.062742
58750,0.12996
58750,0.20899
58750,0.13551
58750,-0.074389
58750,-0.22233
58750,-0.12458
58750,0.09471
58750,0.17124
58750,0.14392
58750,0.017265
58750,-0.15421
58750,-0.10592
58750,0.15435
58750,0.31961
58750,0.24832
58750,0.031717
58750,-0.19227
58750,-0.12073
58750,0.15404
58750,0.34943
58750,0.24222
58750,-0.10403
58750,-0.48814
58750,-0.53223
58750,-0.18647
58750,0.22106
58750,0.2629
58750,0.069464
58750,-0.19806
58750,-0.33216
58750,-0.16757
58750,0.18697
58750,0.40327
58750,0.22125
58750,0.023607
58750,-0.044082
58750,0.017204
58750,0.18484
58750,0.17734
58750,0.044279
58750,0.041474
58750,0.18069
58750,0.13526
58750,0.031473
58750,0.10654
58750,0.20057
58750,0.25253
58750,0.28375
58750,0.25107
58750,0.080136
58750,-0.04457
58750,-0.10299
58750,-0.087317
58750,0.081112
58750,0.21411
58750,0.12776
58750,-0.11561
58750,-0.2988
58750,-0.30112
58750,-0.030666
58750,0.32016
58750,0.47023
58750,0.18777
58750,-0.29227
58750,-0.35954
58750,-0.088049
58750,0.30168
58750,0.43334
58750,0.35473
58750,0.17929
58750,0.014216
58750,-0.070731
58750,-0.1755
58750,-0.17086
58750,-0.17489
58750,-0.075609
58750,-0.043899
58750,-0.18702
58750,-0.38124
58750,-0.326
58750,-0.19617
58750,-0.16513
58750,-0.2316
58750,-0.2266
58750,-0.15373
58750,0.078185
58750,0.1063
58750,-0.14897
58750,-0.40167
58750,-0.31295
58750,-0.028471
58750,0.19124
58750,0.062573
58750,-0.36545
58750,-0.49461
58750,-0.11378
58750,0.28418
58750,0.24887
58750,-0.13311
58750,-0.45985
58750,-0.34972
58750,-0.068962
58750,0.21978
58750,0.47956
58750,0.50938
58750,0.20332
58750,-0.0589
58750,-0.062925
58750,0.15368
58750,0.37778
58750,0.28778
58750,-0.056461
58750,-0.26831
58750,-0.097318
58750,0.11825
58750,0.33296
58750,0.38162
58750,0.12343
58750,-0.012616
58750,0.21631
58750,0.53255
58750,0.39754
58750,-0.12982
58750,-0.50315
58750,-0.27294
58750,0.19789
58750,0.43571
58750,0.18704
58750,-0.091159
58750,-0.21708
58750,-0.34953
58750,-0.37228
58750,-0.2702
58750,-0.058595
58750,0.086905
58750,-0.07195
58750,-0.4021
58750,-0.45851
58750,-0.082317
58750,0.4312
58750,0.68647
58750,0.34058
58750,-0.2555
58750,-0.47491
58750,-0.11165
58750,0.47328
58750,0.54896
58750,0.046414
58750,-0.32886
58750,-0.13561
58750,0.26668
58750,0.54335
58750,0.43486
58750,0.17533
58750,0.019704
58750,0.1838
58750,0.40309
58750,0.404
58750,0.20265
58750,-0.022739
58750,-0.081646
58750,0.029522
58750,0.25722
58750,0.23003
58750,-0.013348
58750,-0.25416
58750,-0.38838
58750,-0.3546
58750,-0.14622
58750,0.014216
58750,-0.088354
58750,-0.25459
58750,-0.31417
58750,-0.21952
58750,-0.010969
58750,0.00073891
58750,-0.080305
58750,-0.11653
58750,-0.074206
58750,-0.10903
58750,-0.17556
58750,-0.29984
58750,-0.48077
58750,-0.4926
58750,-0.36008
58750,-0.13793
58750,-0.037008
58750,-0.075365
58750,-0.23995
58750,-0.2827
58750,0.0045197
58750,0.33077
58750,0.31881
58750,-0.020421
58750,-0.32581
58750,-0.41247
58750,-0.10939
58750,0.37199
58750,0.51231
58750,0.16142
58750,-0.15604
58750,-0.13299
58750,0.12435
58750,0.31692
58750,0.27131
58750,-0.058595
58750,-0.32002
58750,-0.25227
58750,0.019643
58750,0.038181
58750,-0.012616
58750,0.046292
58750,0.27088
58750,0.44212
58750,0.33479
58750,0.11368
58750,-0.13994
58750,-0.17568
58750,-0.032252
58750,0.073123
58750,0.11239
58750,0.13965
58750,-0.0052982
58750,-0.10738
58750,0.039279
58750,0.30583
58750,0.47383
58750,0.4098
58750,0.18045
58750,-0.075975
58750,-0.095428
58750,-0.085854
58750,-0.081524
58750,-0.1547
58750,-0.24331
58750,-0.23544
58750,-0.1572
58750,0.00037302
58750,0.061781
58750,-0.073597
58750,-0.2305
58750,-0.19867
58750,0.050011
58750,0.21704
58750,0.060805
58750,-0.19885
58750,-0.24367
58750,0.00061695
58750,0.37943
58750,0.59231
58750,0.39163
58750,0.10008
58750,0.094222
58750,0.18716
58750,0.17088
58750,0.17874
58750,0.22228
58750,0.1216
58750,-0.049204
58750,-0.26575
58750,-0.19416
58750,0.41516
58750,1.0914
58750,1.1022
58750,0.41754
58750,-0.33655
58750,-0.46204
58750,0.0084225
58750,0.28674
58750,0.039889
58750,-0.43283
58750,-0.69871
58750,-0.53077
58750,-0.12342
58750,0.19685
58750,0.10264
58750,-0.35801
58750,-0.6484
58750,-0.38137
58750,-0.038655
58750,0.04556
58750,-0.10878
58750,-0.45357
58750,-0.66645
58750,-0.35923
58750,0.19429
58750,0.40468
58750,0.20673
58750,-0.22422
58750,-0.55071
58750,-0.45631
58750,-0.024202
58750,0.11075
58750,-0.13616
58750,-0.44546
58750,-0.38362
58750,0.16392
58750,0.69921
58750,0.55188
58750,0.12209
58750,0.073611
58750,0.35809
58750,0.62134
58750,0.4148
58750,-0.15336
58750,-0.6184
58750,-0.43466
58750,0.059219
58750,0.33388
58750,0.068245
58750,-0.12817
58750,-0.064572
58750,0.15545
58750,0.25558
58750,0.1202
58750,-0.086342
58750,-0.09183
58750,0.14886
58750,0.21948
58750,-0.00048071
58750,-0.17586
58750,0.093918
58750,0.527
58750,0.55237
58750,0.11575
58750,-0.34521
58750,-0.30984
58750,0.082026
58750,0.34235
58750,0.1602
58750,-0.18489
58750,-0.30734
58750,0.051597
58750,0.38047
58750,0.31936
58750,0.085868
58750,-0.043777
58750,0.19856
58750,0.23491
58750,0.080929
58750,-0.32752
58750,-0.60572
58750,-0.60169
58750,-0.23245
58750,-0.068962
58750,-0.10653
58750,-0.074938
58750,-0.027068
58750,0.10867
58750,0.1738
58750,0.21698
58750,0.22118
58750,0.35138
58750,0.29534
58750,-0.013775
58750,-0.28709
58750,-0.16958
58750,0.33229
58750,0.68153
58750,0.45706
58750,-0.14738
58750,-0.38417
58750,0.070867
58750,0.63073
58750,0.66933
58750,0.16356
58750,-0.37411
58750,-0.43363
58750,-0.076219
58750,0.22289
58750,0.33089
58750,0.36351
58750,0.42321
58750,0.35681
58750,0.21045
58750,0.088063
58750,-0.093172
58750,-0.29514
58750,-0.35325
58750,-0.36137
58750,-0.50833
58750,-0.58919
58750,-0.38484
58750,-0.23209
58750,-0.44253
58750,-0.82622
58750,-0.7242
58750,-0.16531
58750,0.19704
58750,-0.046826
58750,-0.69871
58750,-0.94678
58750,-0.40734
58750,0.36607
58750,0.63921
58750,0.31247
58750,-0.048412
58750,0.026351
58750,0.33308
58750,0.35687
58750,0.028241
58750,-0.16184
58750,-0.053961
58750,0.18051
58750,0.2768
58750,0.12538
58750,-0.068474
58750,7.14e-06
58750,0.32339
58750,0.5178
58750,0.33924
58750,0.047755
58750,-0.0016393
58750,0.18697
58750,0.39474
58750,0.43474
58750,0.22179
58750,-0.0040786
58750,0.029339
58750,0.23917
58750,0.32375
58750,0.12764
58750,-0.19763
58750,-0.25258
58750,-0.095489
58750,-0.036642
58750,-0.12006
58750,-0.20928
58750,-0.17769
58750,-0.10945
58750,-0.10683
58750,-0.14708
58750,-0.20708
58750,-0.21788
58750,-0.15982
58750,-0.1905
58750,-0.19117
58750,-0.079817
58750,-0.03524
58750,-0.10488
58750,-0.11641
58750,0.0028123
58750,0.14819
58750,0.21118
58750,0.11953
58750,0.044157
58750,0.083917
58750,0.20783
58750,0.29418
58750,0.21533
58750,-0.0010905
58750,-0.19812
58750,-0.15001
58750,0.11557
58750,0.35077
58750,0.28784
58750,0.075075
58750,0.026046
58750,0.38406
58750,0.72617
58750,0.58524
58750,0.21838
58750,0.062086
58750,0.25655
58750,0.36748
58750,0.31449
58750,0.15819
58750,0.058793
58750,0.087088
58750,0.26838
58750,0.28125
58750,-0.035606
58750,-0.29154
58750,-0.29855
58750,-0.13116
58750,-0.11714
58750,-0.33703
58750,-0.57157
58750,-0.52345
58750,-0.1322
58750,0.11526
58750,-0.047497
58750,-0.32459
58750,-0.45265
58750,-0.40454
58750,-0.36545
58750,-0.39789
58750,-0.50668
58750,-0.52479
58750,-0.36033
58750,-0.16409
58750,-0.0021882
58750,0.0916
58750,0.010008
58750,-0.044387
58750,-0.026702
58750,-0.028471
58750,-0.024019
58750,0.059707
58750,0.22875
58750,0.35132
58750,0.33315
58750,0.29229
58750,0.27912
58750,0.29296
58750,0.3193
58750,0.23631
58750,0.051353
58750,-0.0075545
58750,0.13514
58750,0.23167
58750,0.24259
58750,0.18685
58750,-0.058656
58750,-0.20385
58750,0.047999
58750,0.28399
58750,0.28814
58750,0.22539
58750,0.15032
58750,0.031229
58750,-0.045058
58750,-0.1422
58750,-0.15434
58750,-0.12037
58750,-0.16007
58750,-0.19788
58750,-0.11781
58750,-0.02347
58750,-0.0046884
58750,0.024887
58750,-0.015482
58750,-0.089391
58750,-0.064937
58750,-0.035789
58750,-0.10677
58750,-0.17525
58750,-0.11714
58750,0.041962
58750,0.24698
58750,0.38419
58750,0.24655
58750,0.094771
58750,0.13892
58750,0.22655
58750,0.18758
58750,0.14484
58750,0.11502
58750,0.079953
58750,-0.012799
58750,0.0039709
58750,0.24234
58750,0.49102
58750,0.41925
58750,0.044035
58750,-0.036276
58750,0.18228
58750,0.22387
58750,0.020924
58750,-0.07506
58750,0.022875
58750,0.18075
58750,0.28473
58750,0.29375
58750,0.26033
58750,0.28296
58750,0.11935
58750,-0.071035
58750,-0.16775
58750,-0.20086
58750,-0.29837
58750,-0.3685
58750,-0.31465
58750,-0.087805
58750,0.15959
58750,0.10959
58750,-0.16379
58750,-0.29819
58750,-0.23013
58750,-0.12939
58750,-0.10354
58750,-0.31295
58750,-0.51961
58750,-0.54766
58750,-0.36582
58750,-0.3002
58750,-0.36374
58750,-0.42875
58750,-0.31661
58750,-0.10793
58750,0.0079956
58750,-0.049997
58750,-0.17184
58750,-0.21404
58750,-0.16958
58750,-0.084024
58750,0.050072
58750,0.13606
58750,0.12648
58750,0.16642
58750,0.21277
58750,0.29753
58750,0.35553
58750,0.25686
58750,0.082636
58750,0.035925
58750,0.073855
58750,0.13185
58750,0.32266
58750,0.35443
58750,0.21228
58750,0.3176
58750,0.44285
58750,0.41986
58750,0.37614
58750,0.34302
58750,0.25472
58750,0.16447
58750,0.063244
58750,-0.040057
58750,-0.094757
58750,-0.14976
58750,-0.26556
58750,-0.37539
58750,-0.3785
58750,-0.28166
58750,-0.16574
58750,-0.13775
58750,-0.12104
58750,-0.10159
58750,-0.10403
58750,-0.2058
58750,-0.31057
58750,-0.25715
58750,-0.022373
58750,0.20917
58750,0.17581
58750,-0.081402
58750,-0.30307
58750,-0.22148
58750,0.10764
58750,0.20637
58750,-0.037557
58750,-0.30258
58750,-0.27861
58750,-0.023166
58750,0.37986
58750,0.62756
58750,0.62079
58750,0.57847
58750,0.53737
58750,0.54329
58750,0.38211
58750,0.18972
58750,0.17618
58750,0.41705
58750,0.66634
58750,0.62969
58750,0.28552
58750,-0.12653
58750,-0.15208
58750,0.099589
58750,0.29491
58750,0.24771
58750,-0.040423
58750,-0.36563
58750,-0.39454
58750,-0.23562
58750,-0.13055
58750,-0.24648
58750,-0.25343
58750,-0.21891
58750,-0.17708
58750,-0.17068
58750,-0.16367
58750,-0.16982
58750,-0.29118
58750,-0.47034
58750,-0.50138
58750,-0.34832
58750,-0.23751
58750,-0.31563
58750,-0.27715
58750,-0.16903
58750,-0.14116
58750,-0.057254
58750,0.013789
58750,-0.0021882
58750,0.035925
58750,0.061232
58750,0.079099
58750,0.1002
58750,0.14099
58750,0.14703
58750,0.1266
58750,0.014704
58750,-0.11183
58750,0.042877
58750,0.3426
58750,0.42279
58750,0.25509
58750,0.049524
58750,0.11008
58750,0.16374
58750,0.03873
58750,-0.069145
58750,0.0079346
58750,0.098003
58750,0.13947
58750,0.16337
58750,0.20033
58750,0.22558
58750,0.1266
58750,-0.021824
58750,0.043791
58750,0.12697
58750,0.091173
58750,0.039828
58750,0.15209
58750,0.56951
58750,0.88807
58750,0.68958
58750,-0.15696
58750,-1.0464
58750,-1.2219
58750,-0.48808
58750,0.67958
58750,0.93972
58750,0.050499
58750,-0.95276
58750,-0.94721
58750,-0.14879
58750,0.50121
58750,0.39291
58750,-0.3957
58750,-0.82293
58750,-0.4593
58750,0.27125
58750,0.45816
58750,0.16392
58750,-0.27258
58750,-0.36789
58750,-0.013287
58750,0.40108
58750,0.36046
58750,0.058671
58750,-0.03835
58750,0.25668
58750,0.70013
58750,0.84496
58750,0.49407
58750,0.031778
58750,-0.070304
58750,0.20893
58750,0.74623
58750,1.0607
58750,0.50584
58750,-0.57529
58750,-1.2038
58750,-0.95556
58750,-0.50973
58750,-0.2705
58750,0.052756
58750,0.27582
58750,0.051231
58750,-0.55303
58750,-1.0381
58750,-1.1389
58750,-0.65066
58750,0.2246
58750,0.84343
58750,0.70153
58750,0.10892
58750,-0.24959
58750,-0.17995
58750,0.12666
58750,0.32668
58750,0.21698
58750,0.020924
58750,-0.23794
58750,-0.49412
58750,-0.52851
58750,-0.46021
58750,-0.47205
58750,-0.50083
58750,-0.67066
58750,-1.2075
58750,-1.697
58750,-1.4271
58750,-0.58242
58750,0.2707
58750,0.57603
58750,0.34229
58750,-0.046765
58750,-0.055668
58750,0.37492
58750,0.88606
58750,1.1344
58750,1.075
58750,0.96387
58750,0.98021
58750,1.2071
58750,1.4604
58750,1.3662
58750,1.1666
58750,1.1064
58750,1.0583
58750,1.004
58750,0.71251
58750,0.37345
58750,-0.032313
58750,-0.38765
58750,-0.55705
58750,-0.45961
58750,-0.29764
58750,-0.19769
58750,-0.0825
58750,0.040254
58750,0.0070809
58750,0.088917
58750,0.24509
58750,0.19167
58750,-0.16495
58750,-0.24965
58750,0.01135
58750,0.33125
58750,0.41248
58750,0.19411
58750,-0.12628
58750,-0.34673
58750,-0.32557
58750,-0.25599
58750,-0.43131
58750,-0.73798
58750,-0.90934
58750,-0.75561
58750,-0.63121
58750,-0.70487
58750,-0.79219
58750,-0.75664
58750,-0.71585
58750,-0.58035
58750,-0.52638
58750,-0.45619
58750,-0.30124
58750,0.22271
58750,0.42041
58750,0.2468
58750,0.33693
58750,0.44285
58750,0.55353
58750,0.25375
58750,-0.025056
58750,-0.079329
58750,0.2518
58750,0.16905
58750,-0.07628
58750,-0.046887
58750,0.44931
58750,0.86661
58750,0.866
58750,0.31247
58750,-0.26343
58750,-0.40082
58750,-0.032983
58750,0.44102
58750,0.70525
58750,0.5292
58750,0.1752
58750,0.010313
58750,0.098735
58750,0.31278
58750,0.43206
58750,0.49901
58750,0.50657
58750,0.4123
58750,0.17649
58750,-0.048717
58750,-0.053046
58750,0.23844
58750,0.60707
58750,0.66903
58750,0.4473
58750,0.27649
58750,0.36016
58750,0.54603
58750,0.43712
58750,0.028729
58750,-0.30904
58750,-0.42527
58750,-0.28203
58750,-0.23349
58750,-0.45192
58750,-0.67749
58750,-0.65243
58750,-0.52882
58750,-0.51754
58750,-0.5798
58750,-0.48052
58750,-0.2841
58750,-0.028837
58750,-0.12
58750,-0.31984
58750,-0.3871
58750,-0.16781
58750,0.14606
58750,0.27576
58750,0.026351
58750,-0.24087
58750,-0.078475
58750,0.20252
58750,0.23106
58750,-0.01414
58750,-0.30697
58750,-0.50857
58750,-0.46046
58750,-0.36204
58750,-0.42521
58750,-0.48223
58750,-0.34008
58750,-0.17952
58750,-0.19464
58750,-0.24818
58750,-0.18934
58750,-0.12738
58750,-0.048777
58750,0.086173
58750,0.17161
58750,0.21112
58750,0.24436
58750,0.33491
58750,0.38016
58750,0.40644
58750,0.2618
58750,0.055073
58750,0.013911
58750,0.10063
58750,0.20149
58750,0.18222
58750,0.042999
58750,0.03501
58750,0.081538
58750,0.068854
58750,0.037144
58750,0.081356
58750,0.08788
58750,0.18325
58750,0.34772
58750,0.41931
58750,0.36211
58750,0.19283
58750,0.07233
58750,0.2013
58750,0.36492
58750,0.40242
58750,0.28479
58750,0.1602
58750,0.22295
58750,0.39974
58750,0.36662
58750,0.12319
58750,0.0079346
58750,0.035803
58750,0.069098
58750,0.15941
58750,0.1738
58750,-0.0023101
58750,-0.074755
58750,-0.041033
58750,0.047023
58750,0.11831
58750,0.034034
58750,-0.193
58750,-0.19702
58750,-0.044448
58750,-0.010543
58750,-0.10281
58750,-0.17342
58750,-0.30087
58750,-0.41704
58750,-0.3732
58750,-0.31502
58750,-0.20769
58750,-0.063169
58750,-0.10195
58750,-0.26983
58750,-0.40228
58750,-0.45345
58750,-0.35624
58750,-0.07317
58750,0.052085
58750,-0.15543
58750,-0.27935
58750,-0.28459
58750,-0.23611
58750,-0.15751
58750,-0.015909
58750,-0.037496
58750,-0.079817
58750,0.035803
58750,0.11422
58750,0.052938
58750,-0.0023711
58750,0.14532
58750,0.33382
58750,0.51273
58750,0.62299
58750,0.48383
58750,0.24241
58750,0.16984
58750,0.37065
58750,0.61128
58750,0.67281
58750,0.42949
58750,0.19752
58750,0.18801
58750,0.31613
58750,0.24649
58750,0.037205
58750,-0.18312
58750,-0.16488
58750,-0.058534
58750,-0.10049
58750,-0.3163
58750,-0.44546
58750,-0.39033
58750,-0.29849
58750,-0.22007
58750,-0.1558
58750,-0.19989
58750,-0.17556
58750,-0.0071276
58750,0.12447
58750,0.074648
58750,0.023851
58750,0.078306
58750,0.11672
58750,0.10306
58750,0.05178
58750,-0.028654
58750,-0.00048071
58750,0.20655
58750,0.32199
58750,0.19722
58750,-0.029569
58750,-0.12555
58750,-0.00914
58750,0.29314
58750,0.48078
58750,0.38223
58750,0.19685
58750,0.085075
58750,0.14258
58750,0.30869
58750,0.36809
58750,0.17502
58750,-0.032862
58750,-0.030788
58750,-0.028471
58750,-0.06445
58750,-0.085122
58750,-0.17037
58750,-0.22276
58750,-0.14543
58750,-0.029386
58750,-0.033044
58750,-0.057254
58750,-0.052436
58750,-0.096769
58750,-0.018592
58750,0.081051
58750,0.009947
58750,-0.21324
58750,-0.33008
58750,-0.18452
58750,0.019216
58750,0.083612
58750,-0.11323
58750,-0.32642
58750,-0.3635
58750,-0.30551
58750,-0.1572
58750,0.020314
58750,0.12191
58750,0.17929
58750,0.21259
58750,0.21076
58750,0.15002
58750,0.019521
58750,0.011959
58750,0.12959
58750,0.26033
58750,0.16417
58750,-0.1097
58750,-0.35039
58750,-0.24642
58750,-0.018043
58750,0.085746
58750,-0.060486
58750,-0.38326
58750,-0.52699
58750,-0.23123
58750,0.32022
58750,0.47066
58750,0.246
58750,-0.024019
58750,-0.064023
58750,0.096906
58750,0.29107
58750,0.28851
58750,0.1577
58750,0.035315
58750,-0.08994
58750,-0.14196
58750,-0.034935
58750,0.18777
58750,0.2843
58750,0.19307
58750,0.058915
58750,-0.04829
58750,-0.011579
58750,0.24942
58750,0.52438
58750,0.59914
58750,0.34534
58750,-0.012311
58750,-0.11732
58750,-0.035606
58750,0.079587
58750,0.15039
58750,0.13996
58750,-0.07317
58750,-0.33319
58750,-0.43741
58750,-0.3596
58750,-0.11098
58750,0.090381
58750,0.088368
58750,-0.2205
58750,-0.50991
58750,-0.46601
58750,-0.12866
58750,0.12794
58750,0.18143
58750,0.0049466
58750,-0.18977
58750,-0.14061
58750,0.099833
58750,0.25491
58750,0.25015
58750,0.24003
58750,0.17209
58750,0.095381
58750,0.09343
58750,0.20088
58750,0.25881
58750,0.20088
58750,0.20948
58750,0.20106
58750,0.30058
58750,0.42084
58750,0.37827
58750,0.087454
58750,-0.24172
58750,-0.26117
58750,0.13038
58750,0.47956
58750,0.36918
58750,-0.0539
58750,-0.43741
58750,-0.59413
58750,-0.46119
58750,-0.26709
58750,-0.19788
58750,-0.22507
58750,-0.18544
58750,-0.22946
58750,-0.37326
58750,-0.57126
58750,-0.53059
58750,-0.22721
58750,0.098186
58750,0.16831
58750,-0.10086
58750,-0.45674
58750,-0.47174
58750,-0.21751
58750,0.030376
58750,0.090259
58750,-0.030483
58750,0.010984
58750,0.171
58750,0.31259
58750,0.45017
58750,0.53414
58750,0.55963
58750,0.46864
58750,0.30479
58750,0.059646
58750,0.045987
58750,0.35839
58750,0.58933
58750,0.27704
58750,-0.27861
58750,-0.48881
58750,-0.33191
58750,0.022204
58750,0.2035
58750,0.082575
58750,-0.2763
58750,-0.32404
58750,-0.13616
58750,0.055317
58750,0.11093
58750,0.011593
58750,-0.094452
58750,-0.081585
58750,-0.10555
58750,-0.14354
58750,-0.15452
58750,-0.19824
58750,-0.31752
58750,-0.38826
58750,-0.35179
58750,-0.19916
58750,-0.047924
58750,-0.11878
58750,-0.28148
58750,-0.25178
58750,0.23887
58750,0.72574
58750,0.87923
58750,0.63165
58750,0.16911
58750,-0.17787
58750,-0.098416
58750,0.20685
58750,0.22911
58750,-0.10445
58750,-0.35167
58750,-0.31898
58750,-0.13879
58750,-0.07756
58750,-0.10897
58750,-0.045546
58750,-0.0041396
58750,-0.070121
58750,-0.11409
58750,-0.10354
58750,0.040072
58750,0.15612
58750,0.11435
58750,-0.02219
58750,-0.11354
58750,-0.12866
58750,-0.031337
58750,0.0043978
58750,-0.12988
58750,-0.19568
58750,-0.049692
58750,0.11014
58750,0.14325
58750,0.052695
58750,-0.022678
58750,0.12977
58750,0.56024
58750,0.86411
58750,0.69952
58750,0.22661
58750,-0.23721
58750,-0.30246
58750,0.10282
58750,0.49005
58750,0.39071
58750,-0.17659
58750,-0.44271
58750,-0.36228
58750,-0.1711
58750,0.12404
58750,0.52438
58750,0.48401
58750,0.068245
58750,-0.56108
58750,-1.1812
58750,-0.88421
58750,-0.045241
58750,0.39882
58750,0.10136
58750,-0.27764
58750,-0.63462
58750,-0.24343
58750,0.51932
58750,1.0362
58750,0.61469
58750,0.079953
58750,-0.16739
58750,-0.0065178
58750,0.21728
58750,0.098003
58750,-0.26288
58750,-0.31953
58750,0.086051
58750,0.42279
58750,0.42943
58750,0.28625
58750,0.39096
58750,0.72031
58750,0.75257
58750,0.13008
58750,-0.5909
58750,-0.77244
58750,-0.62395
58750,-0.27453
58750,0.026107
58750,-0.025727
58750,-0.59565
58750,-0.85994
58750,-0.73908
58750,-0.41606
58750,-0.21873
58750,-0.29557
58750,-0.52699
58750,-0.63669
58750,-0.42869
58750,0.039462
58750,0.33357
58750,0.31119
58750,0.15356
58750,0.047145
58750,0.030863
58750,0.1524
58750,0.16026
58750,0.012996
58750,-0.10884
58750,-0.064206
58750,0.066598
58750,0.19752
58750,0.38431
58750,0.59628
58750,0.6336
58750,0.42041
58750,0.070135
58750,-0.11689
58750,0.027144
58750,0.32058
58750,0.45419
58750,0.31314
58750,0.055256
58750,-0.043472
58750,0.22832
58750,0.59213
58750,0.75495
58750,0.45358
58750,-0.068901
58750,-0.43686
58750,-0.33179
58750,-0.02658
58750,0.069586
58750,-0.13263
58750,-0.33722
58750,-0.34338
58750,-0.25605
58750,-0.13189
58750,-0.12025
58750,-0.18897
58750,-0.23215
58750,-0.10336
58750,0.12032
58750,0.35321
58750,0.4487
58750,0.3715
58750,0.36046
58750,0.37187
58750,0.32778
58750,0.31351
58750,0.31272
58750,0.37187
58750,0.42718
58750,0.36723
58750,0.079343
58750,-0.14848
58750,-0.23062
58750,-0.24593
58750,-0.26874
58750,-0.25532
58750,-0.21702
58750,-0.25172
58750,-0.16934
58750,-0.066645
58750,-0.15854
58750,-0.4815
58750,-0.60254
58750,-0.36606
58750,-0.0081643
58750,0.28558
58750,0.24527
58750,-0.089208
58750,-0.29642
58750,-0.16885
58750,0.10678
58750,0.24997
58750,0.10386
58750,-0.16501
58750,-0.27203
58750,-0.074938
58750,0.14782
58750,-0.038289
58750,-0.4218
58750,-0.52577
58750,-0.39923
58750,-0.20483
58750,0.040681
58750,0.22564
58750,0.15234
58750,0.09904
58750,0.097028
58750,0.16252
58750,0.13856
58750,0.0075688
58750,-0.11134
58750,-0.0081643
58750,0.2643
58750,0.48926
58750,0.26814
58750,-0.25947
58750,-0.42869
58750,0.0020805
58750,0.45194
58750,0.44907
58750,0.095198
58750,-0.19495
58750,-0.10031
58750,0.25674
58750,0.47285
58750,0.2782
58750,-0.15934
58750,-0.23331
58750,0.078124
58750,0.26692
58750,-0.002676
58750,-0.24782
58750,-0.085
58750,0.22942
58750,0.34211
58750,0.087637
58750,-0.12885
58750,0.020985
58750,0.36333
58750,0.48176
58750,0.23356
58750,0.076172
58750,0.083063
58750,0.19515
58750,0.17661
58750,-0.017311
58750,-0.13513
58750,-0.098599
58750,0.014033
58750,-0.095733
58750,-0.22129
58750,-0.30587
58750,-0.23916
58750,-0.14086
58750,-0.0062129
58750,-0.031154
58750,-0.005847
58750,0.15386
58750,0.35095
58750,0.28649
58750,0.043974
58750,-0.10823
58750,-0.11415
58750,0.0051295
58750,0.10892
58750,0.14441
58750,0.16923
58750,0.083551
58750,-0.2666
58750,-0.5187
58750,-0.46003
58750,-0.11988
58750,0.18789
58750,0.17533
58750,-0.21617
58750,-0.42491
58750,-0.14043
58750,0.34412
58750,0.5939
58750,0.36498
58750,-0.078902
58750,-0.25404
58750,0.029827
58750,0.2968
58750,0.14959
58750,-0.30386
58750,-0.54644
58750,-0.39155
58750,-0.10659
58750,0.045316
58750,-0.07256
58750,-0.24038
58750,-0.24922
58750,-0.14019
58750,-0.12043
58750,-0.21099
58750,-0.27416
58750,-0.080427
58750,0.26247
58750,0.38053
58750,0.19765
58750,-0.030788
58750,-0.072377
58750,0.063061
58750,0.16094
58750,0.15472
58750,0.17081
58750,0.2038
58750,0.2804
58750,0.27143
58750,0.048853
58750,-0.12628
58750,0.065866
58750,0.44736
58750,0.59683
58750,0.33857
58750,-0.15141
58750,-0.26105
58750,-0.11592
58750,0.0056174
58750,-0.16226
58750,-0.34252
58750,-0.3402
58750,-0.16818
58750,0.017143
58750,0.074587
58750,0.037998
58750,0.046475
58750,0.19569
58750,0.31936
58750,0.18197
58750,-0.11622
58750,-0.21812
58750,0.0091543
58750,0.40962
58750,0.51609
58750,0.23692
58750,-0.15397
58750,-0.19611
58750,-0.027312
58750,0.057085
58750,0.0076297
58750,-0.057559
58750,-0.029142
58750,0.061171
58750,0.1249
58750,0.1563
58750,0.12892
58750,0.087637
58750,0.10032
58750,0.095869
58750,0.14215
58750,0.11331
58750,0.082148
58750,0.02135
58750,0.011715
58750,0.026839
58750,-0.061279
58750,-0.2191
58750,-0.28227
58750,-0.18909
58750,-0.1558
58750,-0.19409
58750,-0.16263
58750,-0.1622
58750,-0.23123
58750,-0.31142
58750,-0.21324
58750,-0.084634
58750,-0.01725
58750,-0.027739
58750,0.036657
58750,0.15703
58750,0.18484
58750,0.042206
58750,-0.12622
58750,-0.10714
58750,0.051231
58750,0.21094
58750,0.22893
58750,0.059037
58750,-0.076097
58750,-0.020482
58750,0.19929
58750,0.38114
58750,0.35992
58750,0.1274
58750,-0.097135
58750,-0.03713
58750,0.156
58750,0.098979
58750,-0.23635
58750,-0.42503
58750,-0.29868
58750,0.014643
58750,0.19076
58750,0.14106
58750,0.068123
58750,0.13654
58750,0.36412
58750,0.47053
58750,0.27369
58750,-0.0020052
58750,-0.014506
58750,0.22661
58750,0.36437
58750,0.13721
58750,-0.27063
58750,-0.43601
58750,-0.18763
58750,0.12051
58750,0.18014
58750,-0.085915
58750,-0.52607
58750,-0.63682
58750,-0.2841
58750,0.24399
58750,0.36406
58750,0.096723
58750,-0.16135
58750,-0.096525
58750,0.28729
58750,0.4892
58750,0.2013
58750,-0.20995
58750,-0.17001
58750,0.070745
58750,0.11416
58750,0.098369
58750,0.08288
58750,0.060378
58750,0.12788
58750,0.20813
58750,0.21277
58750,0.16478
58750,0.055378
58750,-0.012677
58750,-0.16367
58750,-0.22196
58750,-0.26941
58750,-0.11799
58750,0.021411
58750,0.043182
58750,-0.052192
58750,-0.048534
58750,-0.01286
58750,0.0040319
58750,-0.050424
58750,-0.092623
58750,-0.054144
58750,0.010679
58750,-0.0048103
58750,-0.0029199
58750,0.15691
58750,0.38547
58750,0.4945
58750,0.41785
58750,0.23948
58750,0.13234
58750,0.18033
58750,0.18454
58750,0.063183
58750,-0.18958
58750,-0.37881
58750,-0.38631
58750,-0.40381
58750,-0.61029
58750,-0.8375
58750,-0.85299
58750,-0.66237
58750,-0.35301
58750,-0.2058
58750,-0.27142
58750,-0.30087
58750,-0.15616
58750,0.0269
58750,0.19758
58750,0.26277
58750,0.29369
58750,0.3379
58750,0.40772
58750,0.41803
58750,0.3926
58750,0.31211
58750,0.12118
58750,-0.036337
58750,-0.079329
58750,0.013667
58750,0.052451
58750,0.11465
58750,0.14447
58750,0.17264
58750,0.22783
58750,0.29339
58750,0.39211
58750,0.40974
58750,0.36553
58750,0.25143
58750,0.10264
58750,0.18734
58750,0.35168
58750,0.32131
58750,0.070684
58750,-0.14458
58750,-0.16751
58750,-0.087622
58750,-0.12067
58750,-0.27794
58750,-0.45351
58750,-0.47753
58750,-0.38033
58750,-0.28929
58750,-0.17757
58750,-0.087256
58750,-0.097135
58750,-0.03713
58750,0.12105
58750,0.19801
58750,0.2496
58750,0.30107
58750,0.21143
58750,0.13788
58750,0.24606
58750,0.32814
58750,0.27424
58750,0.16527
58750,0.080563
58750,0.18801
58750,0.38242
58750,0.49792
58750,0.56408
58750,0.60774
58750,0.40669
58750,0.070867
58750,-0.002676
58750,0.032144
58750,-0.0068837
58750,0.0031172
58750,-0.065486
58750,-0.15732
58750,-0.14165
58750,-0.15653
58750,-0.21623
58750,-0.022251
58750,0.15167
58750,-0.042679
58750,-0.26709
58750,-0.25745
58750,-0.21397
58750,-0.19641
58750,-0.21782
58750,-0.23251
58750,-0.16098
58750,-0.018775
58750,-0.0066398
58750,-0.058595
58750,-0.1694
58750,-0.33959
58750,-0.39606
58750,-0.40356
58750,-0.45503
58750,-0.43296
58750,-0.34496
58750,-0.17452
58750,-0.11153
58750,-0.098477
58750,-0.010482
58750,0.20844
58750,0.45809
58750,0.52292
58750,0.37455
58750,0.19795
58750,0.13959
58750,0.15526
58750,0.13563
58750,0.11831
58750,0.062147
58750,-0.1022
58750,-0.19507
58750,-0.20221
58750,-0.2108
58750,-0.31929
58750,-0.38057
58750,-0.33825
58750,-0.34691
58750,-0.36039
58750,-0.33612
58750,-0.073414
58750,0.25588
58750,0.3343
58750,0.2271
58750,0.060134
58750,0.070013
58750,0.10965
58750,0.22442
58750,0.28808
58750,0.24241
58750,0.12459
58750,0.05928
58750,0.060683
58750,0.18606
58750,0.37821
58750,0.42858
58750,0.41431
58750,0.33071
58750,0.14167
58750,-0.064328
58750,-0.059754
58750,0.032266
58750,0.0049466
58750,-0.13555
58750,-0.20568
58750,-0.21275
58750,-0.12964
58750,-0.052131
58750,0.088124
58750,0.19173
58750,0.17209
58750,0.11447
58750,-0.0064568
58750,0.028729
58750,0.10392
58750,0.061781
58750,-0.0049933
58750,0.040133
58750,0.08849
58750,0.16191
58750,0.21588
58750,0.12599
58750,0.072635
58750,0.0021415
58750,-0.10573
58750,-0.14238
58750,-0.16342
58750,-0.25386
58750,-0.17678
58750,0.098613
58750,0.28399
58750,0.45279
58750,0.57243
58750,0.60134
58750,0.67226
58750,0.67817
58750,0.51725
58750,0.18588
58750,-0.020482
58750,-0.095489
58750,-0.16074
58750,-0.22507
58750,-0.25068
58750,-0.27056
58750,-0.27819
58750,-0.23276
58750,-0.1236
58750,-0.23209
58750,-0.44345
58750,-0.52266
58750,-0.47784
58750,-0.31307
58750,0.024095
58750,0.16539
58750,-0.002615
58750,-0.15665
58750,-0.2083
58750,-0.04707
58750,0.1241
58750,0.045011
58750,-0.18824
58750,-0.27874
58750,-0.19373
58750,-0.088476
58750,0.07477
58750,0.22253
58750,0.22862
58750,0.21704
58750,0.15215
58750,0.18374
58750,0.21685
58750,0.35357
58750,0.27704
58750,0.18978
58750,0.18472
58750,0.20246
58750,0.21143
58750,0.23497
58750,0.2607
58750,0.12916
58750,-0.040911
58750,-0.23135
58750,-0.41899
58750,-0.4743
58750,-0.37692
58750,-0.38283
58750,-0.26367
58750,0.079587
58750,0.31272
58750,0.17764
58750,-0.1208
58750,-0.3685
58750,-0.39673
58750,-0.076768
58750,0.20637
58750,0.04928
58750,-0.23123
58750,-0.16781
58750,0.095869
58750,0.37803
58750,0.37973
58750,0.09532
58750,-0.21111
58750,-0.25843
58750,-0.13086
58750,0.1055
58750,0.27814
58750,0.2915
58750,0.23131
58750,0.11154
58750,-0.018104
58750,0.0077517
58750,0.23308
58750,0.33711
58750,0.12551
58750,-0.16775
58750,-0.17196
58750,0.013179
58750,0.080685
58750,-0.063108
58750,-0.34081
58750,-0.39186
58750,-0.16092
58750,0.1005
58750,0.1535
58750,0.082941
58750,0.015374
58750,0.029522
58750,0.0048856
58750,0.012752
58750,-0.061401
58750,-0.16507
58750,-0.21074
58750,-0.15001
58750,-0.088781
58750,-0.14842
58750,-0.25526
58750,-0.18037
58750,0.13045
58750,0.36998
58750,0.46407
58750,0.52066
58750,0.61146
58750,0.55115
58750,0.34406
58750,0.16825
58750,0.11313
58750,0.14953
58750,0.083673
58750,-0.16592
58750,-0.45192
58750,-0.41911
58750,-0.068596
58750,0.16167
58750,0.029827
58750,-0.29618
58750,-0.49168
58750,-0.35801
58750,0.06483
58750,0.23119
58750,0.12301
58750,-0.090915
58750,-0.01908
58750,0.13105
58750,0.22625
58750,0.045316
58750,-0.24532
58750,-0.33033
58750,-0.19916
58750,-0.10049
58750,-0.16964
58750,-0.15757
58750,-0.045363
58750,0.17728
58750,0.30265
58750,0.22509
58750,0.17734
58750,0.39163
58750,0.65256
58750,0.72818
58750,0.58109
58750,0.2854
58750,0.1152
58750,0.2274
58750,0.36193
58750,0.22929
58750,-0.048534
58750,-0.22843
58750,-0.29233
58750,-0.29227
58750,-0.2316
58750,-0.26148
58750,-0.19794
58750,-0.05018
58750,-0.012311
58750,-0.15568
58750,-0.21458
58750,-0.14543
58750,-0.060303
58750,-0.0039566
58750,0.019765
58750,-0.14507
58750,-0.30002
58750,-0.30953
58750,-0.30703
58750,-0.26404
58750,-0.18592
58750,-0.13988
58750,-0.20227
58750,-0.076341
58750,0.16148
58750,0.43212
58750,0.65299
58750,0.65043
58750,0.53426
58750,0.45297
58750,0.49572
58750,0.48895
58750,0.39236
58750,0.21515
58750,0.0062882
58750,-0.065242
58750,0.0094592
58750,0.11465
58750,0.16648
58750,0.20759
58750,0.088673
58750,-0.095184
58750,-0.22068
58750,-0.26099
58750,-0.21885
58750,-0.0053592
58750,0.13734
58750,0.012691
58750,-0.20611
58750,-0.22141
58750,-0.13805
58750,-0.019446
58750,-0.016702
58750,-0.1683
58750,-0.31228
58750,-0.3399
58750,-0.28758
58750,-0.21074
58750,-0.0070666
58750,0.10953
58750,0.095137
58750,0.063122
58750,0.13752
58750,0.30942
58750,0.51097
58750,0.46401
58750,0.24826
58750,0.1699
58750,0.21033
58750,0.2121
58750,0.10075
58750,0.010557
58750,-0.019934
58750,0.030985
58750,0.037998
58750,0.015618
58750,-0.091403
58750,-0.073597
58750,0.026534
58750,0.02629
58750,-0.022129
58750,0.075318
58750,0.1163
58750,0.095503
58750,0.14228
58750,0.14356
58750,0.090869
58750,0.12398
58750,0.13459
58750,0.018972
58750,-0.14744
58750,-0.29843
58750,-0.2988
58750,-0.17519
58750,-0.10153
58750,-0.21849
58750,-0.33118
58750,-0.32142
58750,-0.15141
58750,0.044706
58750,0.18838
58750,0.26851
58750,0.35973
58750,0.45541
58750,0.48157
58750,0.42596
58750,0.39126
58750,0.32693
58750,0.20185
58750,0.18075
58750,0.084039
58750,-0.24288
58750,-0.59175
58750,-0.74365
58750,-0.72493
58750,-0.55858
58750,-0.46204
58750,-0.4546
58750,-0.40954
58750,-0.34002
58750,-0.19885
58750,0.018484
58750,0.25222
58750,0.2224
58750,0.029034
58750,-0.0060909
58750,0.16118
58750,0.27027
58750,0.2493
58750,0.14837
58750,-0.063413
58750,-0.1361
58750,-0.035667
58750,0.050377
58750,0.078002
58750,0.23442
58750,0.29412
58750,0.4159
58750,0.63116
58750,0.66915
58750,0.36498
58750,0.21222
58750,0.27192
58750,0.35473
58750,0.39211
58750,0.29485
58750,0.021228
58750,-0.25886
58750,-0.25422
58750,-0.016336
58750,0.087515
58750,-0.12671
58750,-0.37326
58750,-0.46515
58750,-0.33539
58750,-0.063047
58750,0.19563
58750,0.21551
58750,-0.079451
58750,-0.36185
58750,-0.38972
58750,-0.20269
58750,-0.096586
58750,-0.11122
58750,-0.29191
58750,-0.4107
58750,-0.28313
58750,-0.09927
58750,-0.011945
58750,-0.052741
58750,-0.044997
58750,0.12587
58750,0.51694
58750,0.67482
58750,0.4848
58750,0.251
58750,0.25155
58750,0.35431
58750,0.31266
58750,0.13477
58750,-0.018409
58750,0.069708
58750,0.28143
58750,0.24619
58750,-0.09183
58750,-0.32728
58750,-0.28276
58750,-0.03585
58750,0.09843
58750,-0.09744
58750,-0.52748
58750,-0.63029
58750,-0.32447
58750,-0.019995
58750,-0.010238
58750,-0.21135
58750,-0.29233
58750,-0.19086
58750,-0.15251
58750,-0.30984
58750,-0.43942
58750,-0.43625
58750,-0.23989
58750,-0.03402
58750,0.049889
58750,-0.0071276
58750,-0.1658
58750,-0.14257
58750,0.13545
58750,0.3104
58750,0.23863
58750,0.097211
58750,0.18874
58750,0.24399
58750,0.17014
58750,0.11148
58750,0.16185
58750,0.39205
58750,0.48298
58750,0.19795
58750,-0.21861
58750,-0.2477
58750,-0.039143
58750,0.039096
58750,-0.030117
58750,-0.10762
58750,-0.037069
58750,0.071782
58750,0.13935
58750,0.15465
58750,0.16496
58750,0.12941
58750,0.11044
58750,0.084039
58750,-0.0023711
58750,-0.19367
58750,-0.31075
58750,-0.2591
58750,-0.20324
58750,-0.34313
58750,-0.4543
58750,-0.27496
58750,0.08538
58750,0.37961
58750,0.33906
58750,0.1291
58750,0.20088
58750,0.43919
58750,0.45291
58750,0.21521
58750,0.1066
58750,0.2124
58750,0.27369
58750,0.19368
58750,0.04617
58750,-0.115
58750,-0.16336
58750,-0.027068
58750,0.009947
58750,-0.31996
58750,-0.53022
58750,-0.28587
58750,0.16331
58750,0.34083
58750,0.063122
58750,-0.23288
58750,-0.13025
58750,0.29814
58750,0.55877
58750,0.40059
58750,-0.051583
58750,-0.50985
58750,-0.61694
58750,-0.25508
58750,0.022326
58750,-0.16086
58750,-0.50028
58750,-0.50876
58750,-0.061462
58750,0.38083
58750,0.41309
58750,0.20265
58750,0.11099
58750,0.27619
58750,0.3479
58750,0.23234
58750,0.12508
58750,0.07105
58750,-0.04457
58750,-0.13531
58750,-0.18531
58750,-0.22715
58750,-0.24172
58750,-0.22776
58750,-0.14013
58750,-0.0023711
58750,-0.12409
58750,-0.30112
58750,-0.26575
58750,-0.10098
58750,0.0043978
58750,0.089161
58750,0.081356
58750,0.017935
58750,0.0014707
58750,0.013118
58750,0.042572
58750,0.038364
58750,-0.073841
58750,-0.28538
58750,-0.35027
58750,-0.35173
58750,-0.30667
58750,-0.25788
58750,-0.12348
58750,0.050621
58750,0.069586
58750,0.081965
58750,0.33717
58750,0.57652
58750,0.57115
58750,0.50261
58750,0.40785
58750,0.26796
58750,0.35418
58750,0.48047
58750,0.32241
58750,0.017935
58750,-0.20306
58750,-0.13299
58750,0.14667
58750,0.36034
58750,0.15472
58750,-0.30258
58750,-0.55748
58750,-0.45906
58750,-0.095245
58750,0.22436
58750,0.38223
58750,0.25985
58750,0.10703
58750,0.12532
58750,0.37047
58750,0.60731
58750,0.55481
58750,0.24911
58750,0.04062
58750,-0.018958
58750,-0.075609
58750,-0.13128
58750,-0.064815
58750,-0.097928
58750,-0.16385
58750,-0.099696
58750,-0.0030419
58750,0.0011048
58750,0.011167
58750,-0.025788
58750,-0.07195
58750,-0.079268
58750,-0.082988
58750,-0.13067
58750,-0.15531
58750,0.0020805
58750,0.30485
58750,0.53597
58750,0.49157
58750,0.038425
58750,-0.58449
58750,-0.69097
58750,-0.21196
58750,0.19698
58750,-0.019385
58750,-0.53644
58750,-0.63261
58750,-0.20977
58750,0.1413
58750,0.088185
58750,-0.10287
58750,-0.047192
58750,0.19319
58750,0.10508
58750,-0.35325
58750,-0.63224
58750,-0.32142
58750,0.19527
58750,0.29558
58750,-0.075304
58750,-0.41808
58750,-0.26361
58750,0.20844
58750,0.59457
58750,0.6186
58750,0.27186
58750,-0.084939
58750,-0.057376
58750,0.2107
58750,0.36803
58750,0.2274
58750,-0.013775
58750,-0.021885
58750,0.23539
58750,0.49261
58750,0.29204
58750,-0.011945
58750,-0.23465
58750,-0.42052
58750,-0.27892
58750,0.072513
58750,0.35351
58750,0.021289
58750,-0.39832
58750,-0.51467
58750,-0.075853
58750,0.3865
58750,0.54969
58750,0.32089
58750,-0.029508
58750,-0.19135
58750,-0.11738
58750,-0.051522
58750,-0.25483
58750,-0.41942
58750,-0.28392
58750,0.11398
58750,0.39736
58750,0.1938
58750,-0.24825
58750,-0.35673
58750,0.058244
58750,0.43419
58750,0.30235
58750,-0.11025
58750,-0.28642
58750,-0.13202
58750,0.25661
58750,0.53499
58750,0.53091
58750,0.43157
58750,0.2965
58750,0.23984
58750,0.11087
58750,-0.097867
58750,-0.019385
58750,0.24869
58750,0.29601
58750,-0.12183
58750,-0.62578
58750,-0.90909
58750,-0.5759
58750,-0.093598
58750,0.15307
58750,0.024948
58750,-0.18757
58750,-0.29282
58750,-0.23038
58750,-0.213
58750,-0.28136
58750,-0.21647
58750,0.011167
58750,0.27399
58750,0.38541
58750,0.19667
58750,-0.023653
58750,-0.051583
58750,0.078367
58750,0.061293
58750,-0.097562
58750,-0.18226
58750,-0.086403
58750,0.077575
58750,0.13276
58750,0.12605
58750,0.2754
58750,0.59445
58750,0.74641
58750,0.4387
58750,-0.10817
58750,-0.28483
58750,-0.042435
58750,0.25088
58750,0.39382
58750,-0.034386
58750,-0.54705
58750,-0.74225
58750,-0.31136
58750,0.13471
58750,0.15472
58750,-0.11622
58750,-0.21629
58750,-0.060303
58750,0.0054344
58750,-0.090549
58750,-0.23282
58750,-0.31776
58750,-0.34667
58750,-0.26453
58750,-0.10451
58750,0.038608
58750,0.042511
58750,-0.032313
58750,-0.19934
58750,-0.32984
58750,-0.25648
58750,-0.080731
58750,0.066049
58750,0.057146
58750,-0.026885
58750,-0.2016
58750,-0.080914
58750,0.25838
58750,0.38955
58750,0.038303
58750,-0.2302
58750,-0.023958
58750,0.35705
58750,0.47102
58750,0.25253
58750,0.10008
58750,0.25485
58750,0.58579
58750,0.59914
58750,0.19783
58750,-0.11982
58750,0.014277
58750,0.26466
58750,0.20411
58750,-0.17629
58750,-0.60419
58750,-0.67267
58750,-0.38484
58750,-0.096038
58750,0.099772
58750,0.073062
58750,0.031046
58750,0.086966
58750,0.19344
58750,0.064769
58750,-0.2133
58750,-0.35051
58750,-0.25623
58750,0.1141
58750,0.39376
58750,0.41029
58750,0.23771
58750,0.20411
58750,0.24314
58750,0.10386
58750,-0.12738
58750,-0.22068
58750,-0.13958
58750,-0.009201
58750,0.012325
58750,-0.063169
58750,-0.071584
58750,-0.010543
58750,-0.0012125
58750,-0.051156
58750,-0.057864
58750,0.026534
58750,0.11861
58750,0.1749
58750,0.067025
58750,-0.075792
58750,0.062451
58750,0.29485
58750,0.36662
58750,0.22686
58750,0.030498
58750,-0.030483
58750,0.027327
58750,0.10227
58750,0.073672
58750,-0.089269
58750,-0.25843
58750,-0.20233
58750,0.022143
58750,0.1938
58750,0.10398
58750,-0.077438
58750,-0.057071
58750,0.15215
58750,0.22637
58750,0.017692
58750,-0.24617
58750,-0.22727
58750,0.11538
58750,0.30759
58750,0.22271
58750,-0.011518
58750,-0.2405
58750,-0.22013
58750,-0.011823
58750,0.018789
58750,-0.18787
58750,-0.34197
58750,-0.19842
58750,0.13154
58750,0.34083
58750,0.13526
58750,-0.1758
58750,-0.16714
58750,0.090015
58750,0.23533
58750,0.099101
58750,-0.1222
58750,-0.15293
58750,0.047389
58750,0.2657
58750,0.36577
58750,0.33443
58750,0.20094
58750,0.022082
58750,-0.098965
58750,-0.038228
58750,0.069769
58750,0.15112
58750,0.013118
58750,-0.092379
58750,-0.029386
58750,0.14496
58750,0.27887
58750,0.25631
58750,0.12423
58750,0.0079956
58750,-0.034569
58750,-0.085
58750,-0.093842
58750,-0.050607
58750,-0.040606
58750,-0.13915
58750,-0.11805
58750,0.053121
58750,0.2224
58750,0.23045
58750,0.083124
58750,-0.15244
58750,-0.3238
58750,-0.29105
58750,-0.23263
58750,-0.089086
58750,0.14789
58750,0.32644
58750,0.30113
58750,0.21033
58750,0.15618
58750,0.17264
58750,0.10099
58750,-0.086464
58750,-0.1869
58750,-0.15854
58750,-0.022678
58750,0.12441
58750,0.19222
58750,0.108
58750,0.099406
58750,0.10002
58750,-0.051522
58750,-0.097867
58750,-0.066035
58750,0.022021
58750,0.10038
58750,0.16002
58750,0.077026
58750,-0.064511
58750,0.054463
58750,0.19155
58750,0.19374
58750,0.13996
58750,0.033851
58750,-0.0051762
58750,-0.046521
58750,0.01946
58750,0.051109
58750,0.063
58750,-0.04274
58750,-0.09433
58750,-0.033349
58750,0.048731
58750,0.067086
58750,0.045377
58750,-0.0011515
58750,-0.060425
58750,-0.10037
58750,-0.096038
58750,-0.03713
58750,0.04495
58750,0.017265
58750,-0.15452
58750,-0.26142
58750,-0.21397
58750,-0.03963
58750,-0.027983
58750,-0.11592
58750,-0.19306
58750,-0.2116
58750,-0.15684
58750,-0.056278
58750,-0.0043225
58750,-0.069389
58750,-0.086647
58750,-0.062559
58750,-0.019568
58750,0.091905
58750,0.090808
58750,0.011654
58750,0.01263
58750,0.11355
58750,0.21033
58750,0.25582
58750,0.1463
58750,0.0045197
58750,0.0059833
58750,0.12709
58750,0.21338
58750,0.18984
58750,0.090076
58750,0.054036
58750,0.14447
58750,0.31686
58750,0.38791
58750,0.23259
58750,0.025863
58750,-0.041704
58750,0.062512
58750,0.11605
58750,0.076538
58750,-0.10037
58750,-0.25221
58750,-0.29868
58750,-0.15373
58750,0.010923
58750,0.0061052
58750,-0.23733
58750,-0.40015
58750,-0.39893
58750,-0.20275
58750,-0.082195
58750,-0.14287
58750,-0.25258
58750,-0.24989
58750,-0.074146
58750,0.19167
58750,0.29759
58750,0.21557
58750,0.1324
58750,0.097332
58750,0.012203
58750,-0.076951
58750,-0.16336
58750,-0.1658
58750,-0.085244
58750,0.029583
58750,0.16789
58750,0.17996
58750,0.24448
58750,0.25966
58750,0.2754
58750,0.09843
58750,-0.13055
58750,-0.061096
58750,0.21003
58750,0.39644
58750,0.29119
58750,-0.072072
58750,-0.28636
58750,-0.095062
58750,0.20149
58750,0.21472
58750,-0.0021272
58750,-0.078475
58750,-0.0073106
58750,0.037571
58750,-0.029934
58750,-0.14433
58750,-0.16891
58750,-0.060974
58750,0.021655
58750,0.073001
58750,0.13776
58750,0.11715
58750,0.0012268
58750,-0.0048713
58750,0.03062
58750,-0.049387
58750,-0.086281
58750,-0.18531
58750,-0.31435
58750,-0.35118
58750,-0.20745
58750,0.087027
58750,0.33272
58750,0.31912
58750,-0.023166
58750,-0.25788
58750,-0.19855
58750,0.0078737
58750,0.1291
58750,0.080014
58750,-0.032983
58750,-0.0030419
58750,0.096235
58750,0.11648
58750,-0.028715
58750,-0.10171
58750,0.018118
58750,0.088063
58750,0.081234
58750,-0.040423
58750,-0.20757
58750,-0.09994
58750,0.10935
58750,0.051719
58750,-0.16342
58750,-0.22111
58750,-0.027922
58750,0.20155
58750,0.28265
58750,0.11941
58750,0.0057393
58750,0.12843
58750,0.20679
58750,0.089832
58750,-0.051827
58750,0.034217
58750,0.15039
58750,0.15411
58750,0.095808
58750,-0.0054202
58750,-0.10665
58750,-0.091891
58750,0.11782
58750,0.29046
58750,0.22356
58750,-0.025666
58750,-0.25825
58750,-0.16007
58750,0.040193
58750,0.095198
58750,0.020741
58750,0.030985
58750,0.061964
58750,0.032998
58750,0.054463
58750,0.096235
58750,0.12801
58750,0.091234
58750,0.09593
58750,0.063305
58750,0.069525
58750,-0.0054202
58750,-0.085244
58750,-0.20464
58750,-0.22495
58750,-0.19788
58750,0.0344
58750,0.21631
58750,0.11337
58750,-0.15482
58750,-0.24782
58750,-0.04335
58750,0.24777
58750,0.41809
58750,0.33004
58750,0.18514
58750,0.14471
58750,0.18978
58750,0.20905
58750,0.17484
58750,0.1735
58750,0.27436
58750,0.34309
58750,0.14453
58750,-0.2319
58750,-0.34685
58750,-0.0040176
58750,0.44334
58750,0.49517
58750,0.14057
58750,-0.26983
58750,-0.30606
58750,0.017448
58750,0.25161
58750,0.11672
58750,-0.096769
58750,-0.13006
58750,-0.026398
58750,-0.10159
58750,-0.29398
58750,-0.36076
58750,-0.21513
58750,-0.033776
58750,-0.16263
58750,-0.44747
58750,-0.49327
58750,-0.23934
58750,-0.021458
58750,0.013179
58750,-0.13482
58750,-0.17031
58750,-0.018043
58750,0.23606
58750,0.26546
58750,0.10258
58750,0.02318
58750,0.16179
58750,0.29991
58750,0.26363
58750,0.027936
58750,-0.14915
58750,-0.022922
58750,0.29156
58750,0.45547
58750,0.41803
58750,0.23076
58750,0.02257
58750,-0.0083472
58750,0.19002
58750,0.33924
58750,0.24277
58750,0.092759
58750,0.10215
58750,0.11191
58750,0.023363
58750,-0.067194
58750,-0.14061
58750,-0.20958
58750,-0.19111
58750,-0.13897
58750,-0.10378
58750,-0.10695
58750,-0.12647
58750,-0.20556
58750,-0.27782
58750,-0.25623
58750,-0.17733
58750,-0.063108
58750,-0.023592
58750,-0.11622
58750,-0.22202
58750,-0.19403
58750,-0.10183
58750,-0.0021272
58750,-0.039752
58750,-0.17324
58750,-0.20477
58750,-0.068108
58750,0.076965
58750,0.15087
58750,0.25088
58750,0.24039
58750,0.15032
58750,0.10069
58750,0.047877
58750,0.0076297
58750,0.16191
58750,0.44895
58750,0.59609
58750,0.35504
58750,-0.0051152
58750,-0.13513
58750,-0.00603
58750,0.21777
58750,0.34315
58750,0.16039
58750,-0.15866
58750,-0.28843
58750,-0.13897
58750,0.18771
58750,0.43529
58750,0.32638
58750,0.038303
58750,-0.10561
58750,-0.076097
58750,0.029766
58750,0.065074
58750,-0.052985
58750,-0.12019
58750,-0.041338
58750,0.029156
58750,0.003483
58750,-0.078475
58750,-0.203
58750,-0.25617
58750,-0.1994
58750,-0.1855
58750,-0.24172
58750,-0.21166
58750,-0.11464
58750,-0.038655
58750,-0.085549
58750,-0.15751
58750,-0.19568
58750,-0.12866
58750,0.024156
58750,0.12215
58750,0.037022
58750,-0.07195
58750,-0.082439
58750,-0.015055
58750,0.076721
58750,0.18569
58750,0.13032
58750,-0.11208
58750,-0.15842
58750,0.058793
58750,0.31211
58750,0.3737
58750,0.28491
58750,0.065196
58750,-0.014567
58750,0.033973
58750,0.068793
58750,0.13971
58750,0.19649
58750,0.13648
58750,0.051963
58750,0.0010438
58750,-0.0035907
58750,0.030802
58750,0.1352
58750,0.11636
58750,0.087637
58750,0.024277
58750,-0.11244
58750,-0.203
58750,0.0045807
58750,0.29064
58750,0.25765
58750,0.020009
58750,-0.12397
58750,-0.10579
58750,-0.031703
58750,-0.014323
58750,-0.12464
58750,-0.21696
58750,-0.10183
58750,0.017509
58750,-0.024507
58750,-0.1322
58750,-0.12482
58750,-0.048351
58750,0.0065931
58750,0.012874
58750,-0.056766
58750,-0.01597
58750,0.20374
58750,0.39242
58750,0.40803
58750,0.30827
58750,0.11203
58750,0.015191
58750,0.057756
58750,0.067086
58750,-0.038411
58750,-0.080488
58750,-0.093781
58750,-0.12141
58750,-0.051339
58750,-0.040606
58750,-0.14958
58750,-0.061644
58750,0.2671
58750,0.4634
58750,0.36022
58750,0.21076
58750,0.11307
58750,0.072818
58750,0.17283
58750,0.20161
58750,0.11429
58750,0.11038
58750,0.1774
58750,0.11886
58750,-0.0082253
58750,-0.08994
58750,-0.12555
58750,-0.06756
58750,-0.0068227
58750,0.0024464
58750,0.023058
58750,0.0055564
58750,0.027022
58750,0.13191
58750,0.23655
58750,0.16911
58750,6.8121e-05
58750,-0.048351
58750,-0.014018
58750,-0.026337
58750,-0.089757
58750,-0.16318
58750,-0.2441
58750,-0.27575
58750,-0.22867
58750,-0.24697
58750,-0.25599
58750,-0.16525
58750,-0.074694
58750,-0.047253
58750,-0.015665
58750,0.055256
58750,0.09532
58750,0.15825
58750,0.25161
58750,0.27729
58750,0.27631
58750,0.21844
58750,0.10532
58750,-0.016824
58750,-0.044448
58750,-0.026459
58750,0.045377
58750,0.1191
58750,0.06922
58750,-0.042984
58750,0.061476
58750,0.094466
58750,0.17856
58750,0.28936
58750,0.31753
58750,0.25686
58750,0.18301
58750,0.097759
58750,7.14e-06
58750,0.10252
58750,0.1274
58750,0.030071
58750,-0.12147
58750,-0.27703
58750,-0.33929
58750,-0.32898
58750,-0.1933
58750,-0.04396
58750,-0.053412
58750,-0.13549
58750,-0.26941
58750,-0.27447
58750,-0.13805
58750,0.006776
58750,0.020314
58750,-0.048899
58750,-0.12324
58750,-0.18391
58750,-0.10842
58750,0.067269
58750,0.11404
58750,0.09221
58750,0.091905
58750,0.14038
58750,0.13965
58750,0.13099
58750,0.074282
58750,-0.012006
58750,0.019643
58750,0.17149
58750,0.22789
58750,0.19155
58750,0.17496
58750,0.065683
58750,-0.023044
58750,0.044401
58750,0.13654
58750,0.20972
58750,0.19191
58750,0.070623
58750,0.022204
58750,0.01013
58750,0.009886
58750,0.080014
58750,0.085075
58750,-0.04085
58750,-0.16098
58750,-0.17141
58750,-0.058412
58750,0.10288
58750,0.16112
58750,-0.028959
58750,-0.31813
58750,-0.41424
58750,-0.24575
58750,0.019216
58750,0.18569
58750,0.097089
58750,-0.16409
58750,-0.35332
58750,-0.2963
58750,-0.09616
58750,0.12514
58750,0.22759
58750,0.065561
58750,-0.24068
58750,-0.27569
58750,0.058549
58750,0.30375
58750,0.20271
58750,-0.12793
58750,-0.34642
58750,-0.25934
58750,0.015923
58750,0.16734
58750,0.072513
58750,-0.31392
58750,-0.54998
58750,-0.17946
58750,0.51895
58750,0.75922
58750,0.27198
58750,-0.29868
58750,-0.41302
58750,-0.050912
58750,0.36418
58750,0.51542
58750,0.43693
58750,0.29052
58750,0.056414
58750,-0.27727
58750,-0.22282
58750,0.06733
58750,0.24942
58750,0.24387
58750,0.056353
58750,-0.25886
58750,-0.31057
58750,0.013484
58750,0.39541
58750,0.44541
58750,0.13136
58750,-0.14061
58750,-0.075121
58750,0.24033
58750,0.38345
58750,0.10617
58750,-0.28148
58750,-0.38856
58750,-0.213
58750,-0.048717
58750,0.031168
58750,-0.005847
58750,-0.18117
58750,-0.25636
58750,-0.1944
58750,-0.012067
58750,0.065013
58750,0.046231
58750,-0.011274
58750,-0.074024
58750,-0.098172
58750,0.025741
58750,0.23594
58750,0.30076
58750,0.088978
58750,-0.25654
58750,-0.4707
58750,-0.34472
58750,-0.13708
58750,-0.038777
58750,0.041596
58750,0.055195
58750,0.078916
58750,0.04245
58750,-0.02097
58750,-0.067133
58750,0.16563
58750,0.41742
58750,0.54542
58750,0.50243
58750,0.2957
58750,0.029766
58750,-0.077743
58750,0.15697
58750,0.48798
58750,0.58878
58750,0.35199
58750,-0.0072496
58750,-0.20501
58750,-0.054388
58750,0.27777
58750,0.32607
58750,0.075989
58750,-0.10116
58750,-0.15184
58750,-0.01036
58750,0.16807
58750,0.047206
58750,-0.33081
58750,-0.44686
58750,-0.32502
58750,-0.17452
58750,-0.20629
58750,-0.32569
58750,-0.48259
58750,-0.40545
58750,-0.20178
58750,-0.15098
58750,-0.31721
58750,-0.51827
58750,-0.52918
58750,-0.23111
58750,0.10605
58750,0.14246
58750,0.10014
58750,0.098369
58750,0.03873
58750,-0.031032
58750,-0.08378
58750,-0.13263
58750,-0.032679
58750,0.28637
58750,0.41151
58750,0.24802
58750,0.17161
58750,0.32522
58750,0.43663
58750,0.40059
58750,0.28149
58750,0.16661
58750,0.10008
58750,0.21551
58750,0.30003
58750,0.21246
58750,0.12496
58750,0.18484
58750,0.25716
58750,0.2332
58750,0.058
58750,-0.21208
58750,-0.2391
58750,-0.069877
58750,-0.12836
58750,-0.33155
58750,-0.47656
58750,-0.38972
58750,-0.070548
58750,0.1502
58750,0.0025074
58750,-0.28514
58750,-0.20952
58750,0.045621
58750,0.069281
58750,-0.20836
58750,-0.44442
58750,-0.33734
58750,0.059341
58750,0.28534
58750,-0.093293
58750,-0.53266
58750,-0.29538
58750,0.45559
58750,0.91344
58750,0.64146
58750,-0.13421
58750,-0.69212
58750,-0.5451
58750,0.053548
58750,0.37833
58750,0.2929
58750,0.070928
58750,-0.078231
58750,0.17466
58750,0.5217
58750,0.41766
58750,-0.1325
58750,-0.49693
58750,-0.29544
58750,0.12904
58750,0.33894
58750,0.19777
58750,-0.044265
58750,-0.15574
58750,-0.059998
58750,0.22161
58750,0.51786
58750,0.48523
58750,0.067635
58750,-0.243
58750,-0.21458
58750,0.022997
58750,0.16923
58750,0.18057
58750,0.093125
58750,0.073916
58750,0.18752
58750,0.37717
58750,0.39193
58750,0.12654
58750,-0.36185
58750,-0.58413
58750,-0.42393
58750,-0.20525
58750,-0.20562
58750,-0.25556
58750,-0.16397
58750,-0.10622
58750,-0.074755
58750,-0.063413
58750,-0.015116
58750,-0.035545
58750,-0.066279
58750,-0.28892
58750,-0.58986
58750,-0.52851
58750,-0.08561
58750,0.30503
58750,0.17862
58750,-0.4346
58750,-0.7875
58750,-0.26874
58750,0.61829
58750,0.98857
58750,0.42669
58750,-0.45192
58750,-0.63224
58750,0.079587
58750,0.76227
58750,0.68915
58750,0.14069
58750,-0.15745
58750,0.16966
58750,0.70495
58750,0.86953
58750,0.50584
58750,-0.050668
58750,-0.43698
58750,-0.44338
58750,-0.31972
58750,-0.1972
58750,-0.025117
58750,0.095015
58750,0.02446
58750,-0.073658
58750,0.0866
58750,0.29601
58750,0.3218
58750,0.096845
58750,-0.20818
58750,-0.43692
58750,-0.52363
58750,-0.3635
58750,-0.19489
58750,-0.23623
58750,-0.34978
58750,-0.32234
58750,-0.071157
58750,0.33302
58750,0.55213
58750,0.19795
58750,-0.27922
58750,-0.37356
58750,-0.10836
58750,0.12892
58750,0.20746
58750,0.17124
58750,0.34674
58750,0.54005
58750,0.55829
58750,0.34046
58750,0.146
58750,-0.11421
58750,-0.3388
58750,-0.40405
58750,-0.29343
58750,-0.17617
58750,-0.20769
58750,-0.26733
58750,-0.13988
58750,0.11489
58750,0.34333
58750,0.48633
58750,0.37473
58750,0.054707
58750,-0.27331
58750,-0.34953
58750,-0.084634
58750,0.2629
58750,0.19082
58750,-0.13147
58750,-0.27233
58750,-0.057132
58750,0.3226
58750,0.55444
58750,0.44242
58750,0.12264
58750,-0.065364
58750,0.014643
58750,0.038486
58750,0.064708
58750,0.088673
58750,0.22594
58750,0.25125
58750,0.22564
58750,0.058549
58750,0.027753
58750,0.15831
58750,0.063488
58750,-0.12836
58750,-0.36179
58750,-0.33697
58750,-0.35008
58750,-0.48272
58750,-0.70103
58750,-0.60236
58750,-0.41436
58750,-0.34325
58750,-0.22867
58750,-0.089574
58750,0.0029952
58750,-0.050424
58750,-0.24995
58750,-0.31764
58750,-0.15964
58750,0.12343
58750,0.22814
58750,0.12075
58750,-0.029691
58750,-0.046765
58750,0.025863
58750,0.20393
58750,0.40955
58750,0.47291
58750,0.26796
58750,0.023485
58750,0.011045
58750,0.2296
58750,0.3476
58750,0.24045
58750,0.087088
58750,-0.032252
58750,0.015191
58750,0.30576
58750,0.50005
58750,0.40766
58750,0.32229
58750,0.45157
58750,0.43846
58750,0.26747
58750,0.037693
58750,-0.2044
58750,-0.27465
58750,-0.361
58750,-0.6137
58750,-0.7997
58750,-0.72749
58750,-0.40472
58750,0.1002
58750,0.29076
58750,0.054524
58750,-0.37143
58750,-0.484
58750,-0.31002
58750,-0.13128
58750,-0.039021
58750,-0.016275
58750,0.11008
58750,0.30168
58750,0.43401
58750,0.22301
58750,-0.11634
58750,-0.16556
58750,0.082697
58750,0.18838
58750,-0.0001758
58750,-0.17647
58750,-0.1822
58750,0.064098
58750,0.12294
58750,0.083307
58750,0.03129
58750,0.25021
58750,0.35089
58750,0.30522
58750,0.1088
58750,-0.040118
58750,0.0045807
58750,0.23314
58750,0.45297
58750,0.48389
58750,0.31729
58750,0.21076
58750,0.2021
58750,0.21978
58750,0.18112
58750,-0.0066398
58750,-0.10842
58750,-0.028105
58750,0.10331
58750,0.068611
58750,-0.0012735
58750,-0.081646
58750,-0.12574
58750,-0.075609
58750,-0.053412
58750,-0.073658
58750,-0.17123
58750,-0.25367
58750,-0.18952
58750,0.10337
58750,0.28156
58750,0.161
58750,-0.21599
58750,-0.59956
58750,-0.6187
58750,-0.30471
58750,-0.057681
58750,0.0064101
58750,-0.027007
58750,-0.069999
58750,0.0026293
58750,0.16606
58750,0.18582
58750,0.0080566
58750,-0.18355
58750,-0.32679
58750,-0.28221
58750,-0.10079
58750,0.059098
58750,0.22789
58750,0.28107
58750,0.27485
58750,0.25552
58750,0.21948
58750,0.11386
58750,0.028607
58750,-0.0012125
58750,0.055805
58750,0.13545
58750,0.176
58750,0.10367
58750,0.11557
58750,0.30607
58750,0.40955
58750,0.43413
58750,0.38291
58750,0.22814
58750,-0.084634
58750,-0.35612
58750,-0.38216
58750,-0.17592
58750,0.013484
58750,0.1002
58750,0.046718
58750,0.017204
58750,0.085929
58750,0.17173
58750,0.073245
58750,-0.11201
58750,-0.27239
58750,-0.38076
58750,-0.28361
58750,-0.0046274
58750,0.17697
58750,0.13087
58750,-0.02158
58750,-0.15495
58750,-0.07195
58750,0.11063
58750,0.10404
58750,-0.17836
58750,-0.43637
58750,-0.33575
58750,0.046901
58750,0.32558
58750,0.28619
58750,0.14148
58750,0.091722
58750,0.098064
58750,0.085136
58750,-0.061462
58750,-0.22404
58750,-0.32715
58750,-0.21739
58750,0.044645
58750,0.22545
58750,0.26332
58750,0.22545
58750,0.13477
58750,0.060073
58750,0.31467
58750,0.49962
58750,0.31308
58750,-0.002798
58750,-0.082317
58750,0.028546
58750,0.18691
58750,0.22137
58750,-0.0031029
58750,-0.16251
58750,-0.071218
58750,0.077026
58750,0.017387
58750,-0.1347
58750,-0.26788
58750,-0.33911
58750,-0.25197
58750,-0.068474
58750,0.023912
58750,-0.012677
58750,-0.099026
58750,-0.10207
58750,0.0093372
58750,0.18258
58750,0.23606
58750,0.18661
58750,0.00043401
58750,-0.19037
58750,-0.22245
58750,-0.09994
58750,-0.0253
58750,-0.1247
58750,-0.24733
58750,-0.30764
58750,-0.26904
58750,-0.086951
58750,0.12026
58750,0.18502
58750,0.12264
58750,0.14453
58750,0.18411
58750,-0.032679
58750,-0.24684
58750,-0.19574
58750,0.090442
58750,0.23588
58750,0.18039
58750,-0.010116
58750,0.027205
58750,0.34016
58750,0.48468
58750,0.33223
58750,0.1174
58750,0.04306
58750,0.11246
58750,0.20966
58750,0.14374
58750,0.0077517
58750,0.066598
58750,0.33083
58750,0.49993
58750,0.29796
58750,-0.15818
58750,-0.44448
58750,-0.27465
58750,0.089893
58750,0.20783
58750,-0.079939
58750,-0.48113
58750,-0.56388
58750,-0.20727
58750,0.26424
58750,0.33845
58750,0.045499
58750,-0.22398
58750,-0.22379
58750,0.036962
58750,0.14911
58750,-0.083902
58750,-0.30685
58750,-0.29197
58750,-0.14562
58750,0.039767
58750,0.1824
58750,0.12825
58750,-0.011335
58750,-0.089513
58750,-0.054205
58750,0.059037
58750,0.049036
58750,-0.081707
58750,-0.11201
58750,-0.022983
58750,0.025741
58750,0.1327
58750,0.21326
58750,0.26783
58750,0.31058
58750,0.38333
58750,0.35461
58750,0.24253
58750,0.12191
58750,0.044767
58750,0.057512
58750,0.087027
58750,-0.017433
58750,-0.12324
58750,-0.07939
58750,0.073489
58750,0.22771
58750,0.25991
58750,0.15289
58750,0.073123
58750,0.056414
58750,-0.035362
58750,-0.1483
58750,-0.30752
58750,-0.43198
58750,-0.33331
58750,-0.037374
58750,0.10813
58750,0.053914
58750,0.015801
58750,0.12496
58750,0.15886
58750,0.054158
58750,-0.15629
58750,-0.20294
58750,-0.11232
58750,-0.1122
58750,-0.083598
58750,0.092088
58750,0.22405
58750,0.16313
58750,0.10422
58750,0.11819
58750,0.018423
58750,-0.19288
58750,-0.37856
58750,-0.44424
58750,-0.29929
58750,-0.22068
58750,-0.2966
58750,-0.3413
58750,-0.024385
58750,0.34101
58750,0.35083
58750,0.11813
58750,-0.090366
58750,-0.082561
58750,-0.017433
58750,-0.04768
58750,-0.069816
58750,-0.028898
58750,0.093613
58750,0.22655
58750,0.31424
58750,0.32686
58750,0.25107
58750,0.068123
58750,-0.074085
58750,-0.11055
58750,-0.044631
58750,-0.016824
58750,-0.015238
58750,-0.086951
58750,-0.046094
58750,0.050987
58750,0.18972
58750,0.25789
58750,0.30936
58750,0.246
58750,0.006776
58750,-0.11592
58750,-0.11762
58750,-0.084329
58750,-0.027556
58750,0.01757
58750,-0.027556
58750,0.011045
58750,0.2321
58750,0.32589
58750,0.28832
58750,0.14124
58750,0.012935
58750,-0.036093
58750,0.045011
58750,-0.13122
58750,-0.40082
58750,-0.49936
58750,-0.30721
58750,-0.080305
58750,0.014216
58750,-0.050851
58750,-0.24294
58750,-0.35441
58750,-0.21507
58750,-0.0015784
58750,0.059037
58750,0.078428
58750,0.1574
58750,0.18643
58750,0.18289
58750,0.21039
58750,0.32382
58750,0.51164
58750,0.61213
58750,0.53225
58750,0.44535
58750,0.2807
58750,0.1113
58750,0.15045
58750,0.28936
58750,0.16356
58750,0.0049466
58750,-0.013957
58750,0.028607
58750,0.06611
58750,0.21307
58750,0.29278
58750,0.21399
58750,0.020558
58750,-0.16086
58750,-0.24343
58750,-0.096647
58750,0.093796
58750,0.028973
58750,-0.18769
58750,-0.25861
58750,-0.30398
58750,-0.25617
58750,-0.18787
58750,-0.3252
58750,-0.52168
58750,-0.59846
58750,-0.51571
58750,-0.38564
58750,-0.34691
58750,-0.19306
58750,-0.11275
58750,-0.052436
58750,-0.020665
58750,-0.10781
58750,-0.10738
58750,0.083795
58750,0.10624
58750,0.018789
58750,-0.01597
58750,-0.03463
58750,0.010252
58750,0.19899
58750,0.18045
58750,-0.035362
58750,-0.10427
58750,0.13807
58750,0.45492
58750,0.60634
58750,0.47206
58750,0.30912
58750,0.27155
58750,0.29021
58750,0.2593
58750,0.18374
58750,0.20405
58750,0.23338
58750,0.20234
58750,0.03312
58750,-0.228
58750,-0.46387
58750,-0.40301
58750,-0.12159
58750,-0.041765
58750,-0.26349
58750,-0.31014
58750,-0.099392
58750,0.17045
58750,0.2568
58750,0.068428
58750,-0.11872
58750,-0.16019
58750,-0.028715
58750,0.13612
58750,0.25515
58750,0.22716
58750,0.074343
58750,-0.078353
58750,-0.24684
58750,-0.33831
58750,-0.34862
58750,-0.27483
58750,-0.14702
58750,0.016289
58750,0.21295
58750,0.34138
58750,0.33766
58750,0.2199
58750,0.16106
58750,0.031229
58750,-0.016397
58750,-0.080244
58750,-0.10951
58750,-0.12836
58750,-0.067194
58750,-0.071584
58750,-0.066523
58750,-0.11665
58750,-0.091281
58750,0.08166
58750,0.19978
58750,0.30613
58750,0.43602
58750,0.44895
58750,0.33869
58750,0.27631
58750,0.22082
58750,0.24033
58750,0.18941
58750,0.21936
58750,0.32211
58750,0.27954
58750,0.053609
58750,-0.081585
58750,-0.11384
58750,-0.16482
58750,-0.22562
58750,-0.40552
58750,-0.44216
58750,-0.21837
58750,0.098613
58750,0.1899
58750,0.099955
58750,-0.058351
58750,-0.087622
58750,0.039157
58750,0.166
58750,0.060439
58750,-0.067621
58750,-0.15769
58750,-0.14226
58750,-0.15793
58750,-0.26294
58750,-0.36569
58750,-0.45906
58750,-0.44259
58750,-0.36155
58750,-0.35057
58750,-0.33106
58750,-0.23654
58750,-0.061827
58750,0.10556
58750,0.17075
58750,0.13423
58750,0.11782
58750,0.24783
58750,0.33052
58750,0.26619
58750,0.22753
58750,0.29985
58750,0.45005
58750,0.46431
58750,0.17868
58750,-0.23196
58750,-0.18647
58750,0.12971
58750,0.31839
58750,0.26363
58750,0.077514
58750,-0.18763
58750,-0.17928
58750,0.18539
58750,0.37199
58750,0.15642
58750,-0.068169
58750,0.0047636
58750,0.14313
58750,0.21893
58750,0.14911
58750,-0.072743
58750,-0.19519
58750,-0.17726
58750,-0.20379
58750,-0.11854
58750,0.08166
58750,0.19222
58750,0.092576
58750,-0.069633
58750,-0.1172
58750,0.032388
58750,0.21814
58750,0.17027
58750,-0.12982
58750,-0.33618
58750,-0.26349
58750,0.022082
58750,0.24052
58750,0.10788
58750,-0.22318
58750,-0.32709
58750,-0.092928
58750,0.16295
58750,0.19362
58750,0.019155
58750,-0.11945
58750,-0.080548
58750,0.17972
58750,0.3751
58750,0.35864
58750,0.29345
58750,0.19758
58750,0.11843
58750,0.19484
58750,0.29662
58750,0.23887
58750,0.10056
58750,0.0042148
58750,-0.10378
58750,-0.082134
58750,0.12727
58750,0.41199
58750,0.48523
58750,0.33979
58750,0.088612
58750,-0.072194
58750,0.053609
58750,0.33583
58750,0.40974
58750,0.15039
58750,-0.097928
58750,-0.18519
58750,-0.1433
58750,-0.0045054
58750,-0.063169
58750,-0.20373
58750,-0.30246
58750,-0.3535
58750,-0.35679
58750,-0.31447
58750,-0.27477
58750,-0.26105
58750,-0.11976
58750,-0.082073
58750,-0.27636
58750,-0.42344
58750,-0.24495
58750,-0.011579
58750,0.087698
58750,-0.075365
58750,-0.36466
58750,-0.45339
58750,-0.24459
58750,-0.044814
58750,0.014704
58750,0.084222
58750,0.059159
58750,0.11319
58750,0.23661
58750,0.35327
58750,0.22393
58750,0.12855
58750,0.26247
58750,0.41193
58750,0.3965
58750,0.3029
58750,0.20777
58750,0.13295
58750,0.095808
58750,0.063793
58750,0.11124
58750,0.22558
58750,0.13557
58750,-0.069206
58750,-0.14519
58750,-0.038411
58750,0.11447
58750,0.20094
58750,0.10837
58750,-0.12659
58750,-0.19233
58750,-0.058778
58750,0.10264
58750,0.12477
58750,0.020436
58750,-0.097135
58750,-0.13263
58750,-0.090427
58750,-0.10397
58750,-0.13714
58750,-0.19788
58750,-0.23934
58750,-0.21275
58750,-0.10921
58750,-0.0024321
58750,0.092759
58750,0.080746
58750,-0.053778
58750,-0.15787
58750,-0.17763
58750,-0.08994
58750,0.015313
58750,0.11843
58750,0.23978
58750,0.16722
58750,-0.052802
58750,-0.081585
58750,0.076416
58750,0.20344
58750,0.15417
58750,0.074587
58750,0.042267
58750,0.17362
58750,0.3218
58750,0.31686
58750,0.19155
58750,0.12197
58750,0.14118
58750,0.19996
58750,0.21484
58750,0.14721
58750,0.13447
58750,0.15118
58750,0.054097
58750,-0.11884
58750,-0.18123
58750,-0.036825
58750,0.18685
58750,0.23271
58750,0.037937
58750,-0.18696
58750,-0.15915
58750,0.023424
58750,0.15533
58750,0.089283
58750,-0.10189
58750,-0.18434
58750,-0.096099
58750,0.015313
58750,-0.021641
58750,-0.1622
58750,-0.33466
58750,-0.34435
58750,-0.29746
58750,-0.36618
58750,-0.51924
58750,-0.59889
58750,-0.39423
58750,-0.098782
58750,0.00037302
58750,-0.14019
58750,-0.32447
58750,-0.28203
58750,0.025497
58750,0.37595
58750,0.42578
58750,0.14349
58750,-0.18476
58750,-0.17781
58750,0.15465
58750,0.47627
58750,0.49895
58750,0.18941
58750,-0.11293
58750,-0.1122
58750,0.072086
58750,0.31802
58750,0.39748
58750,0.24576
58750,0.040742
58750,0.0051295
58750,0.26954
58750,0.59585
58750,0.51597
58750,0.10569
58750,-0.073353
58750,0.10008
58750,0.26088
58750,0.27119
58750,0.086783
58750,-0.096647
58750,-0.21416
58750,-0.15745
58750,-0.028105
58750,0.0269
58750,-0.013775
58750,-0.064754
